generation,size,female_size,fertile_female_size,rate_dr,rate_has_drive,rate_complete_r2,rate_partial_r2,drive_efficiency,drop_ratio,low_density_growth_rate,density_growth_curve
1,78324,49021,49021,0.0,0.0,0.0,0.0,0.5,0.8,6.0,linear
2,78269,49171,49171,0.0,0.0,0.0,0.0,0.5,0.8,6.0,linear
3,80454,50525,50525,0.0,0.0,0.0,0.0,0.5,0.8,6.0,linear
4,80021,50519,50519,0.0,0.0,0.0,0.0,0.5,0.8,6.0,linear
5,78223,49907,49907,0.0,0.0,0.0,0.0,0.5,0.8,6.0,linear
6,77499,49476,49476,0.0,0.0,0.0,0.0,0.5,0.8,6.0,linear
7,77137,49323,49323,0.0,0.0,0.0,0.0,0.5,0.8,6.0,linear
8,79101,50099,50099,0.0,0.0,0.0,0.0,0.5,0.8,6.0,linear
9,78916,49821,49821,0.0,0.0,0.0,0.0,0.5,0.8,6.0,linear
10,79441,50106,50106,0.0,0.0,0.0,0.0,0.5,0.8,6.0,linear
11,79308,50348,50348,0.0,0.0,0.0,0.0,0.5,0.8,6.0,linear
12,84089,50385,50385,0.0511406,0.0592465,0.0,0.0,0.5,0.8,6.0,linear
13,84680,49128,49128,0.0858073,0.107804,0.0,0.0,0.5,0.8,6.0,linear
14,81916,46736,46736,0.10433,0.145502,0.000270779,0.0,0.5,0.8,6.0,linear
15,81327,45032,45001,0.125425,0.188679,0.000983877,0.0,0.5,0.8,6.0,linear
16,82726,43808,43693,0.14318,0.225821,0.00297367,0.0,0.5,0.8,6.0,linear
17,84014,42481,42159,0.16065,0.261292,0.0062103,0.0,0.5,0.8,6.0,linear
18,83477,40753,40065,0.175657,0.292308,0.0114755,0.0,0.5,0.8,6.0,linear
19,84334,40036,38799,0.186206,0.313896,0.0182147,0.0,0.5,0.8,6.0,linear
20,84817,39284,37337,0.196603,0.33506,0.0265037,0.0,0.5,0.8,6.0,linear
21,84406,38312,35514,0.203911,0.350253,0.0358695,0.0,0.5,0.8,6.0,linear
22,84049,37628,33874,0.212437,0.366922,0.0453573,0.0,0.5,0.8,6.0,linear
23,84317,36918,32182,0.217016,0.376342,0.0560668,0.0,0.5,0.8,6.0,linear
24,84163,36199,30506,0.224058,0.390419,0.0667628,0.0,0.5,0.8,6.0,linear
25,83658,35479,28673,0.227959,0.397938,0.0785402,0.0,0.5,0.8,6.0,linear
26,83675,35127,27187,0.233176,0.408063,0.0897584,0.0,0.5,0.8,6.0,linear
27,84190,34887,25987,0.235404,0.414028,0.10133,0.0,0.5,0.8,6.0,linear
28,84196,34537,24657,0.23829,0.419493,0.111737,0.0,0.5,0.8,6.0,linear
29,84105,34374,23519,0.240999,0.425161,0.122495,0.0,0.5,0.8,6.0,linear
30,83644,33926,22287,0.242699,0.42778,0.131768,0.0,0.5,0.8,6.0,linear
31,83282,33583,21237,0.242573,0.42761,0.140916,0.0,0.5,0.8,6.0,linear
32,83463,33519,20354,0.244875,0.432702,0.14966,0.0,0.5,0.8,6.0,linear
33,82897,33233,19322,0.245596,0.433985,0.15827,0.0,0.5,0.8,6.0,linear
34,83181,33118,18637,0.248057,0.439044,0.164252,0.0,0.5,0.8,6.0,linear
35,83294,33051,18087,0.250205,0.443524,0.171354,0.0,0.5,0.8,6.0,linear
36,83484,33035,17536,0.251249,0.444914,0.176554,0.0,0.5,0.8,6.0,linear
37,83147,32588,16921,0.252091,0.446995,0.181161,0.0,0.5,0.8,6.0,linear
38,82785,32344,16483,0.254182,0.451351,0.183961,0.0,0.5,0.8,6.0,linear
39,82664,32238,16046,0.254493,0.452235,0.187835,0.0,0.5,0.8,6.0,linear
40,82550,32120,15660,0.255342,0.453561,0.191181,0.0,0.5,0.8,6.0,linear
41,82173,31907,15194,0.256735,0.455915,0.194752,0.0,0.5,0.8,6.0,linear
42,82274,31657,14698,0.257727,0.458153,0.199026,0.0,0.5,0.8,6.0,linear
43,82040,31555,14403,0.258614,0.459834,0.202433,0.0,0.5,0.8,6.0,linear
44,82175,31702,14162,0.259563,0.46191,0.204621,0.0,0.5,0.8,6.0,linear
45,82254,31673,13951,0.258895,0.460463,0.205958,0.0,0.5,0.8,6.0,linear
46,82026,31615,13887,0.259527,0.461259,0.206873,0.0,0.5,0.8,6.0,linear
47,82236,31500,13727,0.259433,0.461599,0.209237,0.0,0.5,0.8,6.0,linear
48,82450,31665,13732,0.260269,0.462957,0.209737,0.0,0.5,0.8,6.0,linear
49,82044,31342,13478,0.261439,0.464848,0.210707,0.0,0.5,0.8,6.0,linear
50,82024,31460,13418,0.260657,0.463566,0.212987,0.0,0.5,0.8,6.0,linear
51,82072,31518,13322,0.260926,0.464906,0.2134,0.0,0.5,0.8,6.0,linear
52,81791,31362,13204,0.260355,0.463328,0.214326,0.0,0.5,0.8,6.0,linear
53,81651,31525,13156,0.260188,0.46259,0.215296,0.0,0.5,0.8,6.0,linear
54,81730,31389,13047,0.261565,0.465434,0.214908,0.0,0.5,0.8,6.0,linear
55,81693,31294,12911,0.262094,0.466723,0.217268,0.0,0.5,0.8,6.0,linear
56,81588,31201,12815,0.261259,0.465408,0.216623,0.0,0.5,0.8,6.0,linear
57,81945,31227,12713,0.261323,0.46576,0.218074,0.0,0.5,0.8,6.0,linear
58,82191,31244,12687,0.261802,0.465823,0.218033,0.0,0.5,0.8,6.0,linear
59,82077,31219,12758,0.262164,0.466697,0.219062,0.0,0.5,0.8,6.0,linear
60,81650,31329,12790,0.261647,0.465853,0.218738,0.0,0.5,0.8,6.0,linear
61,81797,31196,12693,0.263117,0.468224,0.218072,0.0,0.5,0.8,6.0,linear
62,81558,31076,12709,0.261714,0.465756,0.218977,0.0,0.5,0.8,6.0,linear
63,81477,31213,12741,0.262021,0.466513,0.219594,0.0,0.5,0.8,6.0,linear
64,81498,30976,12508,0.26109,0.464532,0.221192,0.0,0.5,0.8,6.0,linear
65,81517,31107,12657,0.261888,0.465566,0.22025,0.0,0.5,0.8,6.0,linear
66,81308,30976,12605,0.261835,0.466338,0.220329,0.0,0.5,0.8,6.0,linear
67,81824,31206,12744,0.262089,0.466799,0.220827,0.0,0.5,0.8,6.0,linear
68,81773,31199,12741,0.262144,0.466062,0.220231,0.0,0.5,0.8,6.0,linear
69,81740,31209,12745,0.261039,0.46404,0.219863,0.0,0.5,0.8,6.0,linear
70,81806,31293,12782,0.259991,0.462927,0.21972,0.0,0.5,0.8,6.0,linear
71,82021,31362,12901,0.259255,0.46092,0.218935,0.0,0.5,0.8,6.0,linear
72,81702,31348,12842,0.259514,0.461269,0.219376,0.0,0.5,0.8,6.0,linear
73,82182,31607,12818,0.259097,0.461046,0.218817,0.0,0.5,0.8,6.0,linear
74,82061,31620,12885,0.258533,0.459716,0.219607,0.0,0.5,0.8,6.0,linear
75,82530,31723,12925,0.259895,0.461699,0.219662,0.0,0.5,0.8,6.0,linear
76,82253,31527,12895,0.26017,0.461974,0.219946,0.0,0.5,0.8,6.0,linear
77,82166,31449,12883,0.261038,0.464557,0.219964,0.0,0.5,0.8,6.0,linear
78,81515,31214,12641,0.260858,0.464151,0.219628,0.0,0.5,0.8,6.0,linear
79,81656,31205,12737,0.260815,0.464731,0.219249,0.0,0.5,0.8,6.0,linear
80,81607,31290,12572,0.26085,0.464525,0.220115,0.0,0.5,0.8,6.0,linear
81,81636,31240,12591,0.261085,0.464748,0.220804,0.0,0.5,0.8,6.0,linear
82,82014,31441,12677,0.262213,0.466379,0.220611,0.0,0.5,0.8,6.0,linear
83,82033,31370,12571,0.262929,0.46823,0.220875,0.0,0.5,0.8,6.0,linear
84,81865,31365,12518,0.263103,0.468609,0.2203,0.0,0.5,0.8,6.0,linear
85,81415,31253,12487,0.263534,0.469531,0.220755,0.0,0.5,0.8,6.0,linear
86,81851,31266,12427,0.262801,0.467058,0.220494,0.0,0.5,0.8,6.0,linear
87,81561,31177,12460,0.263297,0.468399,0.221532,0.0,0.5,0.8,6.0,linear
88,81837,31201,12384,0.263011,0.468671,0.222194,0.0,0.5,0.8,6.0,linear
89,81705,31234,12356,0.263783,0.469957,0.22179,0.0,0.5,0.8,6.0,linear
90,81791,31210,12526,0.262586,0.467674,0.221687,0.0,0.5,0.8,6.0,linear
91,81838,31333,12683,0.262523,0.467281,0.221662,0.0,0.5,0.8,6.0,linear
92,82089,31440,12639,0.262682,0.467674,0.220344,0.0,0.5,0.8,6.0,linear
93,81864,31344,12695,0.260883,0.464839,0.220209,0.0,0.5,0.8,6.0,linear
94,81970,31444,12602,0.261689,0.465603,0.220059,0.0,0.5,0.8,6.0,linear
95,81889,31453,12511,0.26289,0.467899,0.220468,0.0,0.5,0.8,6.0,linear
96,81523,30980,12377,0.262056,0.466315,0.221059,0.0,0.5,0.8,6.0,linear
97,81692,31046,12351,0.262762,0.467591,0.221683,0.0,0.5,0.8,6.0,linear
98,82360,31179,12433,0.262339,0.46711,0.221483,0.0,0.5,0.8,6.0,linear
99,81729,30934,12368,0.26105,0.464535,0.221786,0.0,0.5,0.8,6.0,linear
100,81812,31116,12379,0.260906,0.464475,0.222167,0.0,0.5,0.8,6.0,linear
101,81624,31014,12380,0.260864,0.46478,0.221951,0.0,0.5,0.8,6.0,linear
102,82199,31361,12610,0.260476,0.463289,0.220899,0.0,0.5,0.8,6.0,linear
103,82232,31373,12678,0.26023,0.462924,0.221252,0.0,0.5,0.8,6.0,linear
104,82456,31705,12891,0.258232,0.459946,0.220746,0.0,0.5,0.8,6.0,linear
105,82470,31719,13025,0.257422,0.45714,0.220208,0.0,0.5,0.8,6.0,linear
106,82309,31754,12971,0.258427,0.459528,0.219787,0.0,0.5,0.8,6.0,linear
107,82289,31868,13079,0.259336,0.4616,0.219066,0.0,0.5,0.8,6.0,linear
108,82382,31754,13057,0.259601,0.461546,0.21822,0.0,0.5,0.8,6.0,linear
109,82452,31695,12962,0.25912,0.46095,0.217633,0.0,0.5,0.8,6.0,linear
110,81886,31515,12949,0.258535,0.459865,0.21902,0.0,0.5,0.8,6.0,linear
111,81469,31438,12881,0.258114,0.459065,0.218678,0.0,0.5,0.8,6.0,linear
112,82101,31601,13014,0.259117,0.460435,0.218596,0.0,0.5,0.8,6.0,linear
113,81999,31740,13024,0.258074,0.459418,0.218923,0.0,0.5,0.8,6.0,linear
114,82464,31592,12948,0.260435,0.462686,0.218463,0.0,0.5,0.8,6.0,linear
115,82461,31612,12903,0.259739,0.46114,0.219029,0.0,0.5,0.8,6.0,linear
116,82131,31617,12876,0.260887,0.463708,0.218657,0.0,0.5,0.8,6.0,linear
117,82021,31463,12830,0.260477,0.463213,0.218454,0.0,0.5,0.8,6.0,linear
118,81890,31585,12853,0.262067,0.465785,0.218429,0.0,0.5,0.8,6.0,linear
119,81845,31471,12797,0.262564,0.467635,0.218262,0.0,0.5,0.8,6.0,linear
120,81722,31160,12626,0.262827,0.467949,0.218565,0.0,0.5,0.8,6.0,linear
121,81764,30991,12627,0.262619,0.467245,0.218194,0.0,0.5,0.8,6.0,linear
122,81910,31059,12652,0.262479,0.467154,0.217713,0.0,0.5,0.8,6.0,linear
123,81701,31176,12700,0.260476,0.463684,0.218007,0.0,0.5,0.8,6.0,linear
124,82075,31216,12842,0.260002,0.462865,0.218066,0.0,0.5,0.8,6.0,linear
125,81922,31286,12806,0.259652,0.461178,0.218841,0.0,0.5,0.8,6.0,linear
126,82084,31338,12787,0.260699,0.463649,0.21873,0.0,0.5,0.8,6.0,linear
127,81828,31137,12698,0.260073,0.462741,0.219323,0.0,0.5,0.8,6.0,linear
128,82129,31329,12740,0.260536,0.462922,0.219319,0.0,0.5,0.8,6.0,linear
129,82305,31634,12822,0.259482,0.461072,0.220072,0.0,0.5,0.8,6.0,linear
130,81893,31465,12817,0.259858,0.46272,0.218758,0.0,0.5,0.8,6.0,linear
131,82253,31528,13032,0.259582,0.461777,0.21787,0.0,0.5,0.8,6.0,linear
132,82162,31567,13114,0.259587,0.460999,0.217412,0.0,0.5,0.8,6.0,linear
133,82270,31649,13106,0.258434,0.459145,0.217447,0.0,0.5,0.8,6.0,linear
134,82262,31706,13143,0.259207,0.461184,0.217167,0.0,0.5,0.8,6.0,linear
135,82653,31599,13028,0.258842,0.459783,0.217848,0.0,0.5,0.8,6.0,linear
136,82188,31625,12945,0.259561,0.461371,0.21847,0.0,0.5,0.8,6.0,linear
137,82077,31519,12854,0.259218,0.460914,0.218571,0.0,0.5,0.8,6.0,linear
138,82129,31584,12742,0.259917,0.461727,0.22005,0.0,0.5,0.8,6.0,linear
139,82247,31582,12819,0.260022,0.462217,0.220169,0.0,0.5,0.8,6.0,linear
140,82095,31605,12744,0.259798,0.461659,0.220355,0.0,0.5,0.8,6.0,linear
141,82152,31655,12744,0.260942,0.464706,0.219391,0.0,0.5,0.8,6.0,linear
142,81988,31386,12619,0.261488,0.465567,0.220279,0.0,0.5,0.8,6.0,linear
143,82302,31488,12769,0.260521,0.464061,0.220896,0.0,0.5,0.8,6.0,linear
144,81863,31294,12617,0.261453,0.465156,0.219033,0.0,0.5,0.8,6.0,linear
145,81601,31261,12610,0.261523,0.46514,0.219302,0.0,0.5,0.8,6.0,linear
146,81427,31125,12572,0.261743,0.466075,0.218967,0.0,0.5,0.8,6.0,linear
147,81583,31074,12668,0.261899,0.466417,0.21836,0.0,0.5,0.8,6.0,linear
148,82048,31218,12710,0.261454,0.464961,0.218306,0.0,0.5,0.8,6.0,linear
149,82028,31316,12812,0.26137,0.465358,0.217259,0.0,0.5,0.8,6.0,linear
150,81793,31262,12835,0.261348,0.464717,0.217724,0.0,0.5,0.8,6.0,linear
151,81515,31079,12708,0.261617,0.465189,0.217432,0.0,0.5,0.8,6.0,linear
152,81170,30835,12692,0.259453,0.461549,0.218204,0.0,0.5,0.8,6.0,linear
153,81743,31224,12828,0.260359,0.463196,0.218306,0.0,0.5,0.8,6.0,linear
154,81630,30904,12650,0.261756,0.466055,0.21779,0.0,0.5,0.8,6.0,linear
155,81837,30952,12625,0.262194,0.467136,0.21796,0.0,0.5,0.8,6.0,linear
156,81788,31119,12695,0.261745,0.465878,0.21867,0.0,0.5,0.8,6.0,linear
157,81704,31253,12741,0.261276,0.465487,0.219108,0.0,0.5,0.8,6.0,linear
158,82013,31316,12643,0.261728,0.4666,0.221012,0.0,0.5,0.8,6.0,linear
159,81789,31233,12495,0.261222,0.465367,0.220563,0.0,0.5,0.8,6.0,linear
160,81396,31054,12464,0.262372,0.467371,0.221051,0.0,0.5,0.8,6.0,linear
161,81490,30997,12411,0.263755,0.470655,0.220479,0.0,0.5,0.8,6.0,linear
162,81629,30773,12363,0.263269,0.468985,0.221148,0.0,0.5,0.8,6.0,linear
163,81819,30868,12386,0.26187,0.46559,0.221374,0.0,0.5,0.8,6.0,linear
164,82027,31165,12484,0.262531,0.466819,0.221086,0.0,0.5,0.8,6.0,linear
165,81463,30920,12384,0.260644,0.463788,0.220898,0.0,0.5,0.8,6.0,linear
166,81949,31218,12607,0.259924,0.462755,0.221336,0.0,0.5,0.8,6.0,linear
167,82171,31551,12629,0.258694,0.460632,0.221767,0.0,0.5,0.8,6.0,linear
168,82384,31796,12755,0.260811,0.463061,0.22117,0.0,0.5,0.8,6.0,linear
169,82213,31794,12683,0.260661,0.462948,0.221502,0.0,0.5,0.8,6.0,linear
170,81939,31791,12714,0.259855,0.461814,0.220695,0.0,0.5,0.8,6.0,linear
171,82009,31517,12632,0.26017,0.462322,0.219658,0.0,0.5,0.8,6.0,linear
172,82025,31632,12753,0.259447,0.461047,0.220144,0.0,0.5,0.8,6.0,linear
173,82188,31710,12859,0.259876,0.462706,0.220237,0.0,0.5,0.8,6.0,linear
174,81906,31511,12807,0.260937,0.46419,0.218511,0.0,0.5,0.8,6.0,linear
175,82186,31453,12887,0.261917,0.465911,0.218684,0.0,0.5,0.8,6.0,linear
176,81859,31153,12643,0.262158,0.467329,0.218454,0.0,0.5,0.8,6.0,linear
177,81945,30983,12554,0.264114,0.47029,0.21884,0.0,0.5,0.8,6.0,linear
178,81623,30863,12525,0.264633,0.470966,0.21897,0.0,0.5,0.8,6.0,linear
179,81434,30775,12472,0.262465,0.467491,0.219043,0.0,0.5,0.8,6.0,linear
180,81493,31074,12525,0.262905,0.467806,0.218839,0.0,0.5,0.8,6.0,linear
181,81425,31132,12499,0.263512,0.468483,0.21922,0.0,0.5,0.8,6.0,linear
182,81970,31307,12608,0.262054,0.46644,0.219526,0.0,0.5,0.8,6.0,linear
183,81421,31026,12583,0.264609,0.471158,0.219825,0.0,0.5,0.8,6.0,linear
184,81717,30989,12623,0.265115,0.472255,0.219944,0.0,0.5,0.8,6.0,linear
185,81575,31080,12520,0.265138,0.472113,0.219565,0.0,0.5,0.8,6.0,linear
186,81721,31066,12529,0.265604,0.473473,0.219467,0.0,0.5,0.8,6.0,linear
187,81984,31039,12483,0.264631,0.471949,0.220142,0.0,0.5,0.8,6.0,linear
188,81868,30813,12408,0.264923,0.472446,0.218926,0.0,0.5,0.8,6.0,linear
189,81850,30826,12416,0.264515,0.470906,0.218987,0.0,0.5,0.8,6.0,linear
190,81776,30962,12442,0.263807,0.46987,0.219156,0.0,0.5,0.8,6.0,linear
191,81532,30959,12494,0.265057,0.471136,0.219426,0.0,0.5,0.8,6.0,linear
192,81105,30894,12449,0.263355,0.468424,0.219709,0.0,0.5,0.8,6.0,linear
193,81590,30961,12462,0.26506,0.471635,0.219962,0.0,0.5,0.8,6.0,linear
194,81095,30645,12366,0.26528,0.472098,0.220151,0.0,0.5,0.8,6.0,linear
195,81031,30556,12235,0.264099,0.470509,0.22076,0.0,0.5,0.8,6.0,linear
196,81396,30758,12323,0.263697,0.469698,0.220841,0.0,0.5,0.8,6.0,linear
197,80882,30740,12361,0.264065,0.470187,0.220906,0.0,0.5,0.8,6.0,linear
198,81249,30687,12390,0.264453,0.470668,0.219726,0.0,0.5,0.8,6.0,linear
199,81240,30532,12378,0.264468,0.470126,0.218869,0.0,0.5,0.8,6.0,linear
200,81516,30788,12553,0.262065,0.46716,0.21979,0.0,0.5,0.8,6.0,linear
201,81602,31235,12754,0.260487,0.464409,0.219563,0.0,0.5,0.8,6.0,linear
202,81684,31143,12738,0.261594,0.465828,0.219099,0.0,0.5,0.8,6.0,linear
203,81757,31256,12795,0.261668,0.46565,0.219129,0.0,0.5,0.8,6.0,linear
204,81775,31298,12777,0.261402,0.465097,0.219236,0.0,0.5,0.8,6.0,linear
205,81843,31170,12646,0.261511,0.465638,0.219124,0.0,0.5,0.8,6.0,linear
206,81939,31308,12802,0.262419,0.466681,0.218905,0.0,0.5,0.8,6.0,linear
207,81754,31280,12627,0.262899,0.46786,0.218696,0.0,0.5,0.8,6.0,linear
208,82050,31170,12542,0.262496,0.467071,0.219904,0.0,0.5,0.8,6.0,linear
209,81953,31088,12562,0.263064,0.468142,0.21903,0.0,0.5,0.8,6.0,linear
210,81735,31172,12600,0.263264,0.469582,0.219627,0.0,0.5,0.8,6.0,linear
211,81470,30887,12557,0.263261,0.469091,0.219317,0.0,0.5,0.8,6.0,linear
212,81461,30858,12575,0.262776,0.468242,0.218857,0.0,0.5,0.8,6.0,linear
213,81756,31079,12618,0.263062,0.468774,0.219215,0.0,0.5,0.8,6.0,linear
214,81675,31047,12536,0.261703,0.465894,0.219621,0.0,0.5,0.8,6.0,linear
215,81893,31312,12736,0.262111,0.466777,0.219443,0.0,0.5,0.8,6.0,linear
216,82085,31485,12920,0.260614,0.463907,0.219173,0.0,0.5,0.8,6.0,linear
217,81772,31332,12763,0.261679,0.46564,0.218241,0.0,0.5,0.8,6.0,linear
218,81684,31248,12655,0.261489,0.464849,0.218162,0.0,0.5,0.8,6.0,linear
219,81647,31205,12671,0.261088,0.464614,0.218172,0.0,0.5,0.8,6.0,linear
220,81906,31262,12747,0.259886,0.462517,0.218536,0.0,0.5,0.8,6.0,linear
221,81877,31220,12825,0.259716,0.46157,0.21852,0.0,0.5,0.8,6.0,linear
222,82160,31292,12886,0.259479,0.460541,0.218706,0.0,0.5,0.8,6.0,linear
223,82028,31335,12823,0.258786,0.459682,0.219051,0.0,0.5,0.8,6.0,linear
224,81626,31335,12910,0.258606,0.459134,0.218627,0.0,0.5,0.8,6.0,linear
225,82121,31521,12892,0.258508,0.459537,0.218825,0.0,0.5,0.8,6.0,linear
226,82399,31546,12810,0.258236,0.458818,0.21855,0.0,0.5,0.8,6.0,linear
227,82102,31491,12760,0.259082,0.460388,0.218085,0.0,0.5,0.8,6.0,linear
228,82318,31381,12845,0.258455,0.459048,0.219496,0.0,0.5,0.8,6.0,linear
229,82268,31494,12943,0.258541,0.45953,0.21954,0.0,0.5,0.8,6.0,linear
230,82250,31523,12991,0.258357,0.4593,0.218558,0.0,0.5,0.8,6.0,linear
231,81925,31569,13049,0.258526,0.459543,0.218741,0.0,0.5,0.8,6.0,linear
232,82053,31753,13104,0.257539,0.457855,0.218965,0.0,0.5,0.8,6.0,linear
233,82009,31619,12952,0.257232,0.457024,0.218982,0.0,0.5,0.8,6.0,linear
234,82249,31651,13003,0.257963,0.458469,0.219477,0.0,0.5,0.8,6.0,linear
235,82269,31741,12997,0.259719,0.461863,0.218337,0.0,0.5,0.8,6.0,linear
236,82491,31640,13003,0.260634,0.46363,0.217845,0.0,0.5,0.8,6.0,linear
237,82423,31620,12994,0.260024,0.462781,0.218386,0.0,0.5,0.8,6.0,linear
238,82237,31420,12932,0.260675,0.463582,0.217578,0.0,0.5,0.8,6.0,linear
239,82062,31376,12872,0.260875,0.464585,0.217463,0.0,0.5,0.8,6.0,linear
240,81886,31166,12760,0.26121,0.464623,0.217952,0.0,0.5,0.8,6.0,linear
241,81866,31094,12583,0.261415,0.464673,0.218631,0.0,0.5,0.8,6.0,linear
242,81810,31277,12595,0.25917,0.460723,0.219458,0.0,0.5,0.8,6.0,linear
243,81932,31639,12730,0.260621,0.463467,0.219499,0.0,0.5,0.8,6.0,linear
244,82204,31683,12735,0.260167,0.46278,0.220151,0.0,0.5,0.8,6.0,linear
245,82222,31676,12705,0.259196,0.461467,0.220942,0.0,0.5,0.8,6.0,linear
246,81983,31620,12647,0.260369,0.46321,0.221471,0.0,0.5,0.8,6.0,linear
247,81993,31499,12633,0.260127,0.462087,0.220713,0.0,0.5,0.8,6.0,linear
248,82117,31481,12685,0.261357,0.465002,0.219932,0.0,0.5,0.8,6.0,linear
249,82232,31361,12663,0.261479,0.465519,0.220005,0.0,0.5,0.8,6.0,linear
250,82222,31446,12667,0.261375,0.464529,0.220768,0.0,0.5,0.8,6.0,linear
251,82157,31430,12755,0.261066,0.464204,0.221383,0.0,0.5,0.8,6.0,linear
252,81824,31212,12573,0.262336,0.465983,0.22138,0.0,0.5,0.8,6.0,linear
253,81618,31111,12483,0.261981,0.465781,0.221518,0.0,0.5,0.8,6.0,linear
254,81571,30967,12394,0.262859,0.467825,0.221583,0.0,0.5,0.8,6.0,linear
255,81633,30897,12316,0.262857,0.468855,0.220622,0.0,0.5,0.8,6.0,linear
256,81556,30684,12290,0.263509,0.468715,0.220097,0.0,0.5,0.8,6.0,linear
257,81966,30898,12493,0.263381,0.468287,0.219697,0.0,0.5,0.8,6.0,linear
258,81735,30995,12481,0.261898,0.466398,0.219736,0.0,0.5,0.8,6.0,linear
259,81672,31154,12575,0.260347,0.463627,0.219482,0.0,0.5,0.8,6.0,linear
260,81963,31177,12759,0.261024,0.464583,0.219215,0.0,0.5,0.8,6.0,linear
261,82048,31149,12726,0.262687,0.467171,0.218721,0.0,0.5,0.8,6.0,linear
262,81971,31218,12791,0.261202,0.464762,0.219519,0.0,0.5,0.8,6.0,linear
263,81824,31083,12686,0.262641,0.467851,0.218339,0.0,0.5,0.8,6.0,linear
264,82034,31005,12661,0.261446,0.465536,0.218555,0.0,0.5,0.8,6.0,linear
265,82069,31126,12772,0.261399,0.464785,0.219254,0.0,0.5,0.8,6.0,linear
266,82126,31138,12674,0.262173,0.465619,0.219939,0.0,0.5,0.8,6.0,linear
267,81809,31147,12596,0.262329,0.4667,0.219668,0.0,0.5,0.8,6.0,linear
268,81581,31130,12608,0.262376,0.467721,0.219601,0.0,0.5,0.8,6.0,linear
269,81777,31071,12477,0.26297,0.467834,0.219424,0.0,0.5,0.8,6.0,linear
270,82006,31047,12493,0.262892,0.46737,0.220677,0.0,0.5,0.8,6.0,linear
271,81815,31132,12466,0.263421,0.468995,0.220975,0.0,0.5,0.8,6.0,linear
272,81426,30885,12343,0.262285,0.466575,0.222221,0.0,0.5,0.8,6.0,linear
273,81682,31162,12465,0.261809,0.465828,0.222455,0.0,0.5,0.8,6.0,linear
274,81856,31316,12531,0.260986,0.464523,0.221685,0.0,0.5,0.8,6.0,linear
275,82236,31390,12667,0.261779,0.465934,0.220262,0.0,0.5,0.8,6.0,linear
276,82025,31311,12713,0.261064,0.464946,0.220722,0.0,0.5,0.8,6.0,linear
277,81878,31426,12726,0.262541,0.467613,0.219278,0.0,0.5,0.8,6.0,linear
278,82119,31214,12592,0.262594,0.467661,0.219562,0.0,0.5,0.8,6.0,linear
279,82248,31028,12527,0.262546,0.46746,0.220288,0.0,0.5,0.8,6.0,linear
280,81783,30886,12514,0.262838,0.467751,0.219929,0.0,0.5,0.8,6.0,linear
281,81642,30958,12516,0.262443,0.46647,0.219267,0.0,0.5,0.8,6.0,linear
282,81615,31374,12678,0.260733,0.46404,0.219967,0.0,0.5,0.8,6.0,linear
283,81638,31432,12703,0.260282,0.462738,0.220299,0.0,0.5,0.8,6.0,linear
284,81596,31375,12705,0.259043,0.460511,0.220552,0.0,0.5,0.8,6.0,linear
285,82378,31674,12872,0.25783,0.458315,0.22041,0.0,0.5,0.8,6.0,linear
286,82548,31618,12889,0.259163,0.460955,0.220242,0.0,0.5,0.8,6.0,linear
287,82433,31588,12842,0.259337,0.461704,0.219421,0.0,0.5,0.8,6.0,linear
288,82402,31635,12964,0.258745,0.460922,0.219065,0.0,0.5,0.8,6.0,linear
289,82336,31545,12918,0.260231,0.462067,0.218311,0.0,0.5,0.8,6.0,linear
290,82484,31648,12869,0.260221,0.462902,0.218734,0.0,0.5,0.8,6.0,linear
291,82389,31502,12744,0.260511,0.463479,0.219594,0.0,0.5,0.8,6.0,linear
292,82108,31444,12651,0.260638,0.463477,0.219239,0.0,0.5,0.8,6.0,linear
293,82265,31550,12815,0.260397,0.462976,0.219568,0.0,0.5,0.8,6.0,linear
294,81820,31427,12775,0.26047,0.463293,0.219551,0.0,0.5,0.8,6.0,linear
295,81622,31312,12713,0.259855,0.461727,0.219888,0.0,0.5,0.8,6.0,linear
296,81781,31377,12720,0.258802,0.459836,0.220139,0.0,0.5,0.8,6.0,linear
297,81952,31414,12817,0.260117,0.46205,0.218486,0.0,0.5,0.8,6.0,linear
298,81895,31378,12961,0.259099,0.459843,0.218886,0.0,0.5,0.8,6.0,linear
299,82147,31385,12983,0.259462,0.460985,0.218636,0.0,0.5,0.8,6.0,linear
300,81937,31450,13004,0.260077,0.462984,0.217517,0.0,0.5,0.8,6.0,linear
301,81916,31385,12986,0.260696,0.463973,0.21686,0.0,0.5,0.8,6.0,linear
302,81783,31374,12985,0.260571,0.463307,0.216695,0.0,0.5,0.8,6.0,linear
303,81726,31465,12863,0.260016,0.462699,0.217385,0.0,0.5,0.8,6.0,linear
304,82152,31646,12885,0.260036,0.462708,0.218532,0.0,0.5,0.8,6.0,linear
305,82145,31559,12787,0.260608,0.463211,0.218785,0.0,0.5,0.8,6.0,linear
306,81994,31604,12881,0.260818,0.464117,0.219558,0.0,0.5,0.8,6.0,linear
307,81916,31543,12874,0.262383,0.4664,0.218732,0.0,0.5,0.8,6.0,linear
308,81710,31146,12650,0.261656,0.464637,0.219772,0.0,0.5,0.8,6.0,linear
309,81609,31204,12534,0.260287,0.463145,0.221428,0.0,0.5,0.8,6.0,linear
310,82091,31354,12657,0.261636,0.465215,0.221317,0.0,0.5,0.8,6.0,linear
311,81765,31215,12630,0.260967,0.465032,0.220719,0.0,0.5,0.8,6.0,linear
312,81898,31532,12734,0.261863,0.466168,0.220219,0.0,0.5,0.8,6.0,linear
313,82060,31547,12702,0.263069,0.468079,0.218987,0.0,0.5,0.8,6.0,linear
314,82082,31420,12725,0.262778,0.467857,0.218295,0.0,0.5,0.8,6.0,linear
315,82042,31401,12762,0.262708,0.468371,0.219232,0.0,0.5,0.8,6.0,linear
316,81973,31279,12663,0.262536,0.467685,0.218828,0.0,0.5,0.8,6.0,linear
317,81802,31137,12616,0.262945,0.468159,0.219103,0.0,0.5,0.8,6.0,linear

