generation,size,female_size,fertile_female_size,rate_dr,rate_has_drive,rate_complete_r2,rate_partial_r2,drive_efficiency,drop_ratio,low_density_growth_rate,density_growth_curve
1,78095,49044,49044,0.0,0.0,0.0,0.0,0.5,0.2,6.0,linear
2,78181,49145,49145,0.0,0.0,0.0,0.0,0.5,0.2,6.0,linear
3,80176,50425,50425,0.0,0.0,0.0,0.0,0.5,0.2,6.0,linear
4,79554,50403,50403,0.0,0.0,0.0,0.0,0.5,0.2,6.0,linear
5,78474,50214,50214,0.0,0.0,0.0,0.0,0.5,0.2,6.0,linear
6,78254,50148,50148,0.0,0.0,0.0,0.0,0.5,0.2,6.0,linear
7,78460,50239,50239,0.0,0.0,0.0,0.0,0.5,0.2,6.0,linear
8,78285,49950,49950,0.0,0.0,0.0,0.0,0.5,0.2,6.0,linear
9,77793,49577,49577,0.0,0.0,0.0,0.0,0.5,0.2,6.0,linear
10,77989,49533,49533,0.0,0.0,0.0,0.0,0.5,0.2,6.0,linear
11,78904,50176,50176,0.0,0.0,0.0,0.0,0.5,0.2,6.0,linear
12,81017,50627,50627,0.0134942,0.0158408,0.0,0.0,0.5,0.2,6.0,linear
13,80021,49859,49859,0.0244038,0.0317268,0.0,0.0,0.5,0.2,6.0,linear
14,78649,48762,48762,0.0298922,0.0434763,5.98213e-05,0.0,0.5,0.2,6.0,linear
15,79373,48572,48565,0.0371995,0.0579336,0.000345492,0.0,0.5,0.2,6.0,linear
16,80301,48222,48192,0.0443117,0.0721238,0.000960749,0.0,0.5,0.2,6.0,linear
17,80074,47467,47372,0.0503335,0.0840314,0.0019347,0.0,0.5,0.2,6.0,linear
18,80115,47144,46951,0.0559752,0.0956139,0.00343832,0.0,0.5,0.2,6.0,linear
19,80729,47295,46950,0.0605989,0.104877,0.00523716,0.0,0.5,0.2,6.0,linear
20,80388,47051,46514,0.0645836,0.112539,0.00769285,0.0,0.5,0.2,6.0,linear
21,80328,46708,45902,0.0686436,0.120537,0.0106553,0.0,0.5,0.2,6.0,linear
22,79701,46064,45001,0.0727672,0.129497,0.0142124,0.0,0.5,0.2,6.0,linear
23,80607,46064,44610,0.0751906,0.13497,0.018307,0.0,0.5,0.2,6.0,linear
24,80648,45863,43944,0.0790689,0.14224,0.0222176,0.0,0.5,0.2,6.0,linear
25,81235,45616,43371,0.0816405,0.147076,0.0258806,0.0,0.5,0.2,6.0,linear
26,80395,44951,42349,0.0850325,0.154189,0.0305589,0.0,0.5,0.2,6.0,linear
27,80757,45290,42163,0.0855386,0.155537,0.0357998,0.0,0.5,0.2,6.0,linear
28,81468,45569,41895,0.0879481,0.160646,0.0404504,0.0,0.5,0.2,6.0,linear
29,81471,45296,41183,0.0889104,0.162376,0.0443859,0.0,0.5,0.2,6.0,linear
30,81205,45056,40586,0.0898241,0.16407,0.0483538,0.0,0.5,0.2,6.0,linear
31,80912,45052,40098,0.0916844,0.16808,0.0531465,0.0,0.5,0.2,6.0,linear
32,80921,45126,39616,0.0922318,0.16891,0.0574005,0.0,0.5,0.2,6.0,linear
33,81044,44993,39190,0.0942559,0.173085,0.0619499,0.0,0.5,0.2,6.0,linear
34,80654,44479,38251,0.0951687,0.174745,0.0664898,0.0,0.5,0.2,6.0,linear
35,80644,44496,37863,0.0972649,0.178778,0.0703591,0.0,0.5,0.2,6.0,linear
36,82064,44978,37885,0.0962507,0.177122,0.0755124,0.0,0.5,0.2,6.0,linear
37,81525,44642,37078,0.0966333,0.177981,0.0796677,0.0,0.5,0.2,6.0,linear
38,82210,44957,36897,0.0972443,0.1796,0.0840147,0.0,0.5,0.2,6.0,linear
39,82333,45038,36529,0.0980756,0.180802,0.0880491,0.0,0.5,0.2,6.0,linear
40,82001,44867,35975,0.0985528,0.181221,0.0918265,0.0,0.5,0.2,6.0,linear
41,81292,44631,35477,0.098354,0.181501,0.0953392,0.0,0.5,0.2,6.0,linear
42,81304,44488,35015,0.0988093,0.182618,0.0983905,0.0,0.5,0.2,6.0,linear
43,81686,44595,34824,0.0984627,0.182088,0.101499,0.0,0.5,0.2,6.0,linear
44,82090,44682,34600,0.0992574,0.183544,0.105209,0.0,0.5,0.2,6.0,linear
45,82592,45171,34610,0.098552,0.182079,0.108534,0.0,0.5,0.2,6.0,linear
46,82095,44959,34133,0.0983507,0.181575,0.111995,0.0,0.5,0.2,6.0,linear
47,81765,44802,33715,0.0988396,0.182944,0.11436,0.0,0.5,0.2,6.0,linear
48,81581,44691,33405,0.0999676,0.18482,0.11639,0.0,0.5,0.2,6.0,linear
49,81983,44732,33135,0.0991616,0.18344,0.118646,0.0,0.5,0.2,6.0,linear
50,81945,44650,32827,0.0996506,0.184127,0.121065,0.0,0.5,0.2,6.0,linear
51,82230,45147,32865,0.100296,0.185642,0.122739,0.0,0.5,0.2,6.0,linear
52,82628,45228,32811,0.099912,0.184501,0.125173,0.0,0.5,0.2,6.0,linear
53,81487,44407,31876,0.101421,0.187524,0.127014,0.0,0.5,0.2,6.0,linear
54,82623,44880,32059,0.0999492,0.185164,0.128741,0.0,0.5,0.2,6.0,linear
55,82571,44884,31892,0.0995713,0.1844,0.13006,0.0,0.5,0.2,6.0,linear
56,82545,44803,31636,0.0992946,0.183888,0.131737,0.0,0.5,0.2,6.0,linear
57,82206,44857,31669,0.100619,0.186408,0.132514,0.0,0.5,0.2,6.0,linear
58,82316,45004,31758,0.0999373,0.184685,0.132797,0.0,0.5,0.2,6.0,linear
59,82671,45253,31983,0.0989945,0.182363,0.133468,0.0,0.5,0.2,6.0,linear
60,82246,45009,31829,0.0975896,0.179646,0.133618,0.0,0.5,0.2,6.0,linear
61,81823,45087,31807,0.0981991,0.180915,0.134481,0.0,0.5,0.2,6.0,linear
62,82180,45131,31816,0.0989575,0.182481,0.135003,0.0,0.5,0.2,6.0,linear
63,82170,44964,31620,0.0988014,0.182075,0.134828,0.0,0.5,0.2,6.0,linear
64,82309,44917,31550,0.0995047,0.18355,0.135384,0.0,0.5,0.2,6.0,linear
65,82880,45141,31565,0.0989655,0.182342,0.13667,0.0,0.5,0.2,6.0,linear
66,82935,45127,31397,0.0992458,0.183449,0.137294,0.0,0.5,0.2,6.0,linear
67,82853,45155,31403,0.100085,0.184973,0.137936,0.0,0.5,0.2,6.0,linear
68,82673,45086,31290,0.100346,0.185308,0.139391,0.0,0.5,0.2,6.0,linear
69,81780,44660,30774,0.0999643,0.184464,0.140071,0.0,0.5,0.2,6.0,linear
70,82259,44885,30865,0.101411,0.187438,0.140705,0.0,0.5,0.2,6.0,linear
71,83277,45196,30857,0.0987516,0.182415,0.142199,0.0,0.5,0.2,6.0,linear
72,82461,44788,30579,0.100221,0.185153,0.142677,0.0,0.5,0.2,6.0,linear
73,82431,44794,30494,0.099648,0.184001,0.142962,0.0,0.5,0.2,6.0,linear
74,82615,45110,30628,0.0998998,0.184208,0.143242,0.0,0.5,0.2,6.0,linear
75,82225,44869,30532,0.0996522,0.183737,0.143555,0.0,0.5,0.2,6.0,linear
76,82351,45098,30790,0.0992791,0.183144,0.14352,0.0,0.5,0.2,6.0,linear
77,82749,44975,30741,0.0991979,0.182846,0.1437,0.0,0.5,0.2,6.0,linear
78,82211,44993,30728,0.100683,0.186191,0.144425,0.0,0.5,0.2,6.0,linear
79,82353,44807,30488,0.100365,0.185812,0.1445,0.0,0.5,0.2,6.0,linear
80,82328,44720,30419,0.100503,0.186109,0.144577,0.0,0.5,0.2,6.0,linear
81,82757,44979,30493,0.1007,0.186292,0.145872,0.0,0.5,0.2,6.0,linear
82,83064,44991,30337,0.101231,0.186912,0.146359,0.0,0.5,0.2,6.0,linear
83,82620,44976,30337,0.101246,0.186692,0.14758,0.0,0.5,0.2,6.0,linear
84,82364,44886,30117,0.10076,0.18638,0.147332,0.0,0.5,0.2,6.0,linear
85,82785,45094,30210,0.101117,0.186921,0.148501,0.0,0.5,0.2,6.0,linear
86,82897,45112,30119,0.100837,0.186717,0.148657,0.0,0.5,0.2,6.0,linear
87,82100,44772,30005,0.100603,0.186029,0.149028,0.0,0.5,0.2,6.0,linear
88,82332,44865,30061,0.0993965,0.183845,0.149213,0.0,0.5,0.2,6.0,linear
89,82873,45037,30155,0.0992078,0.183221,0.149338,0.0,0.5,0.2,6.0,linear
90,82832,45150,30215,0.0990142,0.182968,0.148888,0.0,0.5,0.2,6.0,linear
91,82911,45164,30386,0.0994094,0.183978,0.148109,0.0,0.5,0.2,6.0,linear
92,82912,45064,30323,0.0995081,0.183923,0.147325,0.0,0.5,0.2,6.0,linear
93,82642,44827,30064,0.100089,0.184388,0.148173,0.0,0.5,0.2,6.0,linear
94,82316,44676,29854,0.0985837,0.181571,0.148518,0.0,0.5,0.2,6.0,linear
95,82028,44747,29926,0.100137,0.184422,0.148626,0.0,0.5,0.2,6.0,linear
96,82892,45109,30127,0.0997507,0.184254,0.148815,0.0,0.5,0.2,6.0,linear
97,82875,44928,29945,0.0993932,0.183941,0.148542,0.0,0.5,0.2,6.0,linear
98,82602,44860,29957,0.099373,0.184017,0.14919,0.0,0.5,0.2,6.0,linear
99,82788,44953,29991,0.0997967,0.1848,0.149025,0.0,0.5,0.2,6.0,linear
100,83064,45016,30014,0.100104,0.18473,0.147911,0.0,0.5,0.2,6.0,linear
101,82450,44786,29990,0.0986055,0.181981,0.147864,0.0,0.5,0.2,6.0,linear
102,82439,45062,30142,0.0986256,0.181855,0.148746,0.0,0.5,0.2,6.0,linear
103,82307,45039,30141,0.0984647,0.181263,0.148471,0.0,0.5,0.2,6.0,linear
104,82602,45155,30266,0.0988914,0.18256,0.147237,0.0,0.5,0.2,6.0,linear
105,82524,45158,30518,0.0985834,0.182092,0.146872,0.0,0.5,0.2,6.0,linear
106,81833,44807,30282,0.0994848,0.183972,0.146606,0.0,0.5,0.2,6.0,linear
107,82285,45072,30557,0.0989437,0.182739,0.147322,0.0,0.5,0.2,6.0,linear
108,83008,45340,30579,0.0998642,0.184072,0.147346,0.0,0.5,0.2,6.0,linear
109,81954,44648,30057,0.100202,0.184481,0.147421,0.0,0.5,0.2,6.0,linear
110,81335,44401,29863,0.0989435,0.182871,0.147386,0.0,0.5,0.2,6.0,linear
111,82344,44876,30162,0.100639,0.18627,0.147251,0.0,0.5,0.2,6.0,linear
112,83370,45408,30571,0.101167,0.186753,0.14681,0.0,0.5,0.2,6.0,linear
113,82624,45154,30401,0.101258,0.187292,0.146779,0.0,0.5,0.2,6.0,linear
114,81614,44728,30108,0.100809,0.18656,0.146745,0.0,0.5,0.2,6.0,linear
115,82375,44959,30123,0.101498,0.187642,0.146897,0.0,0.5,0.2,6.0,linear
116,82777,45137,30308,0.100352,0.18528,0.147903,0.0,0.5,0.2,6.0,linear
117,82427,45048,30265,0.10075,0.185795,0.147571,0.0,0.5,0.2,6.0,linear
118,82343,45114,30234,0.0996152,0.184066,0.147894,0.0,0.5,0.2,6.0,linear
119,82117,44821,30029,0.100486,0.185662,0.148776,0.0,0.5,0.2,6.0,linear
120,82417,44890,29919,0.0998719,0.184772,0.149793,0.0,0.5,0.2,6.0,linear
121,82084,44817,29886,0.100412,0.185782,0.148988,0.0,0.5,0.2,6.0,linear
122,82361,44872,30129,0.100222,0.185471,0.148374,0.0,0.5,0.2,6.0,linear
123,82717,45095,30367,0.100134,0.184987,0.148336,0.0,0.5,0.2,6.0,linear
124,82780,44898,30180,0.101307,0.187253,0.148438,0.0,0.5,0.2,6.0,linear
125,82812,44963,30128,0.100326,0.18543,0.14849,0.0,0.5,0.2,6.0,linear
126,83221,45411,30486,0.0998897,0.184434,0.149237,0.0,0.5,0.2,6.0,linear
127,82862,45249,30339,0.098842,0.182713,0.149236,0.0,0.5,0.2,6.0,linear
128,82486,45012,30126,0.0996348,0.183831,0.149009,0.0,0.5,0.2,6.0,linear
129,82313,44817,30050,0.100021,0.184535,0.14907,0.0,0.5,0.2,6.0,linear
130,82389,44772,29971,0.101077,0.186865,0.148602,0.0,0.5,0.2,6.0,linear
131,82653,44809,30053,0.102398,0.189265,0.148117,0.0,0.5,0.2,6.0,linear
132,83089,44914,30039,0.101728,0.188257,0.148872,0.0,0.5,0.2,6.0,linear
133,82974,45045,30168,0.100899,0.187011,0.149153,0.0,0.5,0.2,6.0,linear
134,83108,45260,30347,0.100326,0.185459,0.149246,0.0,0.5,0.2,6.0,linear
135,82718,45433,30476,0.0997437,0.184631,0.148985,0.0,0.5,0.2,6.0,linear
136,82969,45426,30520,0.0999474,0.18489,0.148584,0.0,0.5,0.2,6.0,linear
137,81921,44746,29921,0.101512,0.187497,0.148652,0.0,0.5,0.2,6.0,linear
138,81760,44531,29669,0.101385,0.187534,0.148649,0.0,0.5,0.2,6.0,linear
139,82484,44654,29822,0.101466,0.187848,0.14875,0.0,0.5,0.2,6.0,linear
140,82877,44984,30093,0.101102,0.187081,0.149228,0.0,0.5,0.2,6.0,linear
141,82984,45161,30196,0.100519,0.18622,0.149105,0.0,0.5,0.2,6.0,linear
142,82768,45039,30102,0.100836,0.186417,0.149373,0.0,0.5,0.2,6.0,linear
143,82668,44963,30152,0.100777,0.186645,0.148726,0.0,0.5,0.2,6.0,linear
144,82730,45010,30174,0.100886,0.186615,0.148177,0.0,0.5,0.2,6.0,linear
145,83011,45133,30364,0.100355,0.185171,0.148815,0.0,0.5,0.2,6.0,linear
146,83206,45489,30462,0.100076,0.184746,0.148989,0.0,0.5,0.2,6.0,linear
147,82886,45375,30350,0.0994795,0.183625,0.149251,0.0,0.5,0.2,6.0,linear
148,82206,44989,30207,0.099828,0.184283,0.14853,0.0,0.5,0.2,6.0,linear
149,81817,44610,29997,0.100218,0.184986,0.148504,0.0,0.5,0.2,6.0,linear
150,82132,44591,30009,0.100612,0.185502,0.147668,0.0,0.5,0.2,6.0,linear
151,82272,44770,30050,0.0996423,0.184018,0.147917,0.0,0.5,0.2,6.0,linear
152,83225,45272,30482,0.0998002,0.184324,0.148309,0.0,0.5,0.2,6.0,linear
153,82909,45149,30398,0.100517,0.18568,0.147618,0.0,0.5,0.2,6.0,linear
154,82508,44933,30299,0.100263,0.185378,0.147902,0.0,0.5,0.2,6.0,linear
155,81527,44656,30139,0.101282,0.187611,0.147271,0.0,0.5,0.2,6.0,linear
156,81969,44596,30012,0.10194,0.188477,0.147223,0.0,0.5,0.2,6.0,linear
157,81831,44291,29684,0.101485,0.187816,0.147295,0.0,0.5,0.2,6.0,linear
158,82633,44683,29973,0.101127,0.187484,0.147893,0.0,0.5,0.2,6.0,linear
159,83605,45262,30408,0.101995,0.188681,0.147625,0.0,0.5,0.2,6.0,linear
160,82619,44731,29978,0.102451,0.18966,0.147934,0.0,0.5,0.2,6.0,linear
161,82160,44667,29860,0.101956,0.188966,0.148546,0.0,0.5,0.2,6.0,linear
162,82879,45020,30077,0.100833,0.186588,0.148992,0.0,0.5,0.2,6.0,linear
163,82497,44869,29915,0.100469,0.185827,0.149455,0.0,0.5,0.2,6.0,linear
164,82880,45055,30017,0.101155,0.187434,0.149683,0.0,0.5,0.2,6.0,linear
165,82793,44922,30001,0.100612,0.18612,0.149901,0.0,0.5,0.2,6.0,linear
166,82959,45254,30053,0.101921,0.188746,0.150568,0.0,0.5,0.2,6.0,linear
167,83064,45227,29890,0.101513,0.187812,0.151943,0.0,0.5,0.2,6.0,linear
168,82569,45018,29783,0.101315,0.18751,0.15213,0.0,0.5,0.2,6.0,linear
169,81787,44546,29492,0.101918,0.188474,0.15131,0.0,0.5,0.2,6.0,linear
170,81734,44443,29444,0.102859,0.190152,0.151018,0.0,0.5,0.2,6.0,linear
171,82556,44917,29738,0.101623,0.188503,0.151727,0.0,0.5,0.2,6.0,linear
172,83267,45056,29811,0.101112,0.187141,0.152069,0.0,0.5,0.2,6.0,linear
173,83082,44801,29628,0.102139,0.188734,0.151977,0.0,0.5,0.2,6.0,linear
174,83421,45081,29741,0.101447,0.187246,0.151699,0.0,0.5,0.2,6.0,linear
175,83097,45154,29897,0.10046,0.185881,0.151215,0.0,0.5,0.2,6.0,linear
176,82421,44829,29667,0.101179,0.187057,0.150605,0.0,0.5,0.2,6.0,linear
177,82126,44700,29748,0.101175,0.186921,0.15082,0.0,0.5,0.2,6.0,linear
178,82819,44959,29880,0.10035,0.185429,0.150825,0.0,0.5,0.2,6.0,linear
179,83269,45379,30083,0.0994953,0.183916,0.15044,0.0,0.5,0.2,6.0,linear
180,83443,45462,30265,0.100212,0.18492,0.15044,0.0,0.5,0.2,6.0,linear
181,82743,45262,30169,0.0996552,0.183773,0.150539,0.0,0.5,0.2,6.0,linear
182,82742,45253,30106,0.0986286,0.182112,0.150696,0.0,0.5,0.2,6.0,linear
183,82333,45023,29963,0.0989083,0.182415,0.151268,0.0,0.5,0.2,6.0,linear
184,81874,44858,29828,0.0989801,0.18302,0.151083,0.0,0.5,0.2,6.0,linear
185,82745,45199,29957,0.0984833,0.181859,0.150736,0.0,0.5,0.2,6.0,linear
186,82957,45280,30125,0.0986109,0.181958,0.15109,0.0,0.5,0.2,6.0,linear
187,83235,45449,30245,0.0985055,0.181465,0.151351,0.0,0.5,0.2,6.0,linear
188,82333,44987,29959,0.0978003,0.18047,0.151222,0.0,0.5,0.2,6.0,linear
189,82526,45132,30027,0.0989073,0.182601,0.151434,0.0,0.5,0.2,6.0,linear
190,82698,45103,30020,0.0996374,0.184141,0.152256,0.0,0.5,0.2,6.0,linear
191,81851,44483,29520,0.10107,0.186916,0.152637,0.0,0.5,0.2,6.0,linear
192,82560,45031,29801,0.0996355,0.18417,0.152414,0.0,0.5,0.2,6.0,linear
193,83370,45389,30157,0.0988979,0.182223,0.151851,0.0,0.5,0.2,6.0,linear
194,83108,45460,30198,0.0986732,0.181856,0.150385,0.0,0.5,0.2,6.0,linear
195,82600,45280,30148,0.0990605,0.183156,0.15054,0.0,0.5,0.2,6.0,linear
196,82309,45228,30080,0.0990134,0.183049,0.150206,0.0,0.5,0.2,6.0,linear
197,82255,45186,30014,0.101033,0.186744,0.150318,0.0,0.5,0.2,6.0,linear
198,81925,44909,29781,0.101345,0.187257,0.150473,0.0,0.5,0.2,6.0,linear
199,82383,44875,29721,0.10086,0.186722,0.149963,0.0,0.5,0.2,6.0,linear
200,82261,44797,29766,0.101488,0.187694,0.150068,0.0,0.5,0.2,6.0,linear
201,82985,44884,29713,0.0998445,0.184415,0.150749,0.0,0.5,0.2,6.0,linear
202,82368,44796,29753,0.100916,0.186435,0.150728,0.0,0.5,0.2,6.0,linear
203,83153,45127,29940,0.101266,0.187059,0.150082,0.0,0.5,0.2,6.0,linear
204,82837,45038,30048,0.100436,0.185477,0.150295,0.0,0.5,0.2,6.0,linear
205,82738,44936,29973,0.100153,0.184773,0.150054,0.0,0.5,0.2,6.0,linear
206,82715,45149,30127,0.0997502,0.184115,0.149826,0.0,0.5,0.2,6.0,linear
207,82388,45058,30005,0.0989074,0.182449,0.150602,0.0,0.5,0.2,6.0,linear
208,82662,45237,30119,0.0987879,0.182746,0.150972,0.0,0.5,0.2,6.0,linear
209,82726,45358,30101,0.0983218,0.1817,0.151706,0.0,0.5,0.2,6.0,linear
210,82585,45205,29966,0.10033,0.185268,0.151728,0.0,0.5,0.2,6.0,linear
211,82393,45001,29843,0.0990672,0.182973,0.15115,0.0,0.5,0.2,6.0,linear
212,82161,44906,29852,0.100484,0.185455,0.150118,0.0,0.5,0.2,6.0,linear
213,82822,45103,30013,0.100371,0.185742,0.151126,0.0,0.5,0.2,6.0,linear
214,82574,44761,29720,0.100419,0.185864,0.151644,0.0,0.5,0.2,6.0,linear
215,82413,44755,29753,0.0996544,0.184085,0.151055,0.0,0.5,0.2,6.0,linear
216,81914,44678,29742,0.100308,0.185311,0.151111,0.0,0.5,0.2,6.0,linear
217,82043,44916,29829,0.0997171,0.184296,0.151413,0.0,0.5,0.2,6.0,linear
218,83108,45246,30129,0.0998782,0.183977,0.150371,0.0,0.5,0.2,6.0,linear
219,82584,44740,29871,0.100517,0.185755,0.149709,0.0,0.5,0.2,6.0,linear
220,83048,44942,29977,0.10031,0.185546,0.149188,0.0,0.5,0.2,6.0,linear
221,83252,45269,30367,0.0997264,0.184263,0.148583,0.0,0.5,0.2,6.0,linear
222,83167,45275,30376,0.100184,0.184556,0.149222,0.0,0.5,0.2,6.0,linear
223,82244,44908,30111,0.100115,0.184482,0.149713,0.0,0.5,0.2,6.0,linear
224,81863,44668,29890,0.100302,0.185402,0.15086,0.0,0.5,0.2,6.0,linear
225,82584,44835,29985,0.100161,0.18466,0.150087,0.0,0.5,0.2,6.0,linear
226,82625,44977,30033,0.100686,0.186054,0.149188,0.0,0.5,0.2,6.0,linear
227,83132,45166,30235,0.101164,0.186607,0.148489,0.0,0.5,0.2,6.0,linear
228,82914,45214,30235,0.101053,0.186623,0.148616,0.0,0.5,0.2,6.0,linear
229,82237,44839,29993,0.101846,0.188143,0.149462,0.0,0.5,0.2,6.0,linear
230,82283,44841,29975,0.101747,0.188189,0.149228,0.0,0.5,0.2,6.0,linear
231,82100,44492,29807,0.101959,0.188624,0.148847,0.0,0.5,0.2,6.0,linear
232,82179,44633,29838,0.101374,0.187417,0.148439,0.0,0.5,0.2,6.0,linear
233,82777,45058,30213,0.101196,0.187124,0.148277,0.0,0.5,0.2,6.0,linear
234,82318,44890,30059,0.101779,0.188196,0.14848,0.0,0.5,0.2,6.0,linear
235,82587,44785,30023,0.101225,0.187488,0.148859,0.0,0.5,0.2,6.0,linear
236,83094,44912,30074,0.102275,0.188921,0.150218,0.0,0.5,0.2,6.0,linear
237,82839,44750,29864,0.101466,0.187342,0.14888,0.0,0.5,0.2,6.0,linear
238,82608,44785,30039,0.101154,0.187157,0.149549,0.0,0.5,0.2,6.0,linear
239,82801,44828,29968,0.100567,0.185951,0.149215,0.0,0.5,0.2,6.0,linear
240,82568,45044,30048,0.100213,0.185575,0.149991,0.0,0.5,0.2,6.0,linear
241,83200,45236,30225,0.100326,0.185187,0.149308,0.0,0.5,0.2,6.0,linear
242,82736,45198,30101,0.0995255,0.184076,0.150509,0.0,0.5,0.2,6.0,linear
243,81998,44842,29883,0.0996309,0.183896,0.150912,0.0,0.5,0.2,6.0,linear
244,81947,44748,29800,0.0994557,0.183816,0.151139,0.0,0.5,0.2,6.0,linear
245,81944,44591,29768,0.0999452,0.185097,0.150194,0.0,0.5,0.2,6.0,linear
246,83149,44993,30042,0.100598,0.185929,0.149704,0.0,0.5,0.2,6.0,linear
247,83205,45079,30198,0.100464,0.186027,0.149895,0.0,0.5,0.2,6.0,linear
248,83770,45320,30407,0.0992026,0.183424,0.150232,0.0,0.5,0.2,6.0,linear
249,82938,45243,30179,0.0998041,0.184272,0.149763,0.0,0.5,0.2,6.0,linear
250,82718,45081,30140,0.0997473,0.184063,0.148987,0.0,0.5,0.2,6.0,linear
251,81943,44835,29988,0.100969,0.186403,0.149116,0.0,0.5,0.2,6.0,linear
252,82391,44782,29926,0.101898,0.188561,0.149221,0.0,0.5,0.2,6.0,linear
253,83180,45172,30270,0.100679,0.186268,0.148754,0.0,0.5,0.2,6.0,linear
254,82824,45018,30196,0.101682,0.188187,0.148651,0.0,0.5,0.2,6.0,linear
255,82935,45239,30328,0.100762,0.186643,0.148568,0.0,0.5,0.2,6.0,linear
256,82635,44994,30248,0.0998009,0.184567,0.148503,0.0,0.5,0.2,6.0,linear
257,82498,45018,30112,0.10036,0.185598,0.148845,0.0,0.5,0.2,6.0,linear
258,82568,44931,30015,0.100265,0.185417,0.149055,0.0,0.5,0.2,6.0,linear
259,82888,45156,30264,0.0998911,0.184742,0.148965,0.0,0.5,0.2,6.0,linear
260,82632,44991,30058,0.101188,0.187269,0.148686,0.0,0.5,0.2,6.0,linear
261,82780,45006,30114,0.101064,0.186795,0.148719,0.0,0.5,0.2,6.0,linear
262,82946,44927,30049,0.100844,0.186288,0.149335,0.0,0.5,0.2,6.0,linear
263,82776,45116,30101,0.0996939,0.184235,0.1496,0.0,0.5,0.2,6.0,linear
264,82639,45122,30051,0.0999653,0.184722,0.148914,0.0,0.5,0.2,6.0,linear
265,82454,44919,30104,0.100453,0.18555,0.148858,0.0,0.5,0.2,6.0,linear
266,82692,45222,30276,0.10041,0.18541,0.149301,0.0,0.5,0.2,6.0,linear
267,83255,45325,30391,0.100726,0.18622,0.149457,0.0,0.5,0.2,6.0,linear
268,82592,45221,30280,0.100185,0.185304,0.148887,0.0,0.5,0.2,6.0,linear
269,82855,45387,30468,0.10004,0.184701,0.148257,0.0,0.5,0.2,6.0,linear
270,82107,44970,30159,0.0995852,0.183843,0.148561,0.0,0.5,0.2,6.0,linear
271,82175,44810,29974,0.100455,0.185784,0.148449,0.0,0.5,0.2,6.0,linear
272,82718,44960,29994,0.100618,0.186212,0.14906,0.0,0.5,0.2,6.0,linear
273,83123,45271,30219,0.100146,0.185275,0.149271,0.0,0.5,0.2,6.0,linear
274,83081,45270,30229,0.100817,0.186642,0.148553,0.0,0.5,0.2,6.0,linear
275,82645,45295,30222,0.100717,0.18578,0.14959,0.0,0.5,0.2,6.0,linear
276,81861,44757,29734,0.100344,0.185136,0.149957,0.0,0.5,0.2,6.0,linear
277,81557,44691,29651,0.101061,0.186606,0.150175,0.0,0.5,0.2,6.0,linear
278,82607,44981,29952,0.101058,0.186571,0.14977,0.0,0.5,0.2,6.0,linear
279,82741,44851,29935,0.101435,0.187419,0.1492,0.0,0.5,0.2,6.0,linear
280,82602,44856,29848,0.101374,0.187438,0.149267,0.0,0.5,0.2,6.0,linear
281,82695,44925,29889,0.100527,0.185998,0.149294,0.0,0.5,0.2,6.0,linear
282,83083,45280,30239,0.100701,0.186254,0.149626,0.0,0.5,0.2,6.0,linear
283,83065,45283,30150,0.0998902,0.184369,0.150003,0.0,0.5,0.2,6.0,linear
284,81936,44693,29944,0.100258,0.185308,0.149924,0.0,0.5,0.2,6.0,linear
285,82086,44654,29752,0.0994768,0.183942,0.150384,0.0,0.5,0.2,6.0,linear
286,82741,44896,29800,0.100378,0.185325,0.151393,0.0,0.5,0.2,6.0,linear
287,82734,44893,29668,0.0999378,0.184706,0.151412,0.0,0.5,0.2,6.0,linear
288,83127,45119,29915,0.0995451,0.183955,0.152,0.0,0.5,0.2,6.0,linear
289,83452,45447,30063,0.0991161,0.183138,0.151423,0.0,0.5,0.2,6.0,linear
290,83474,45388,30121,0.0982457,0.181504,0.151256,0.0,0.5,0.2,6.0,linear
291,83325,45424,30251,0.0986412,0.18226,0.150734,0.0,0.5,0.2,6.0,linear
292,82606,45122,30060,0.0992146,0.183088,0.150277,0.0,0.5,0.2,6.0,linear
293,81750,44835,29997,0.0992213,0.183182,0.149964,0.0,0.5,0.2,6.0,linear
294,82631,45153,30221,0.0995323,0.183869,0.14956,0.0,0.5,0.2,6.0,linear
295,82882,45136,30157,0.0997561,0.184345,0.149704,0.0,0.5,0.2,6.0,linear
296,82432,44896,29966,0.100059,0.184766,0.150059,0.0,0.5,0.2,6.0,linear
297,82925,45110,30057,0.0999391,0.184681,0.15045,0.0,0.5,0.2,6.0,linear
298,82428,44956,29850,0.100521,0.185599,0.150694,0.0,0.5,0.2,6.0,linear
299,82500,45069,30002,0.10078,0.185866,0.15103,0.0,0.5,0.2,6.0,linear
300,82072,44882,29827,0.100518,0.185826,0.150874,0.0,0.5,0.2,6.0,linear
301,82537,44832,29862,0.100863,0.186709,0.150581,0.0,0.5,0.2,6.0,linear
302,83011,45100,30108,0.100913,0.186446,0.150604,0.0,0.5,0.2,6.0,linear
303,82245,44815,29824,0.10031,0.184952,0.150401,0.0,0.5,0.2,6.0,linear
304,81913,44548,29698,0.101875,0.18845,0.150489,0.0,0.5,0.2,6.0,linear
305,82091,44628,29648,0.101944,0.188615,0.151116,0.0,0.5,0.2,6.0,linear
306,82658,44796,29773,0.100892,0.186844,0.151018,0.0,0.5,0.2,6.0,linear
307,83558,45316,30054,0.100104,0.185126,0.151752,0.0,0.5,0.2,6.0,linear
308,83387,45383,30042,0.0992254,0.183454,0.152276,0.0,0.5,0.2,6.0,linear
309,83079,45359,30008,0.0998622,0.184362,0.15196,0.0,0.5,0.2,6.0,linear
310,82073,44945,29753,0.0998588,0.184332,0.152063,0.0,0.5,0.2,6.0,linear
311,81900,44793,29738,0.0992635,0.183239,0.151476,0.0,0.5,0.2,6.0,linear
312,82722,45131,29963,0.0988501,0.18238,0.150688,0.0,0.5,0.2,6.0,linear
313,82756,45165,30043,0.0986705,0.182076,0.150478,0.0,0.5,0.2,6.0,linear
314,82544,45108,29966,0.099271,0.182992,0.150754,0.0,0.5,0.2,6.0,linear
315,82695,45436,30174,0.0991686,0.183243,0.149901,0.0,0.5,0.2,6.0,linear
316,83086,45538,30369,0.0976695,0.180299,0.150145,0.0,0.5,0.2,6.0,linear
317,82080,45123,30147,0.0980473,0.18056,0.150513,0.0,0.5,0.2,6.0,linear

