generation,size,female_size,fertile_female_size,rate_dr,rate_has_drive,rate_complete_r2,rate_partial_r2,drive_efficiency,drop_ratio,low_density_growth_rate,density_growth_curve
1,78111,49479,49479,0.0,0.0,0.0,0.0,0.5,0.8,6.0,linear
2,78167,49303,49303,0.0,0.0,0.0,0.0,0.5,0.8,6.0,linear
3,79772,50405,50405,0.0,0.0,0.0,0.0,0.5,0.8,6.0,linear
4,80110,50643,50643,0.0,0.0,0.0,0.0,0.5,0.8,6.0,linear
5,79086,50518,50518,0.0,0.0,0.0,0.0,0.5,0.8,6.0,linear
6,78009,50010,50010,0.0,0.0,0.0,0.0,0.5,0.8,6.0,linear
7,77739,49722,49722,0.0,0.0,0.0,0.0,0.5,0.8,6.0,linear
8,78551,49815,49815,0.0,0.0,0.0,0.0,0.5,0.8,6.0,linear
9,79067,50095,50095,0.0,0.0,0.0,0.0,0.5,0.8,6.0,linear
10,78933,50252,50252,0.0,0.0,0.0,0.0,0.5,0.8,6.0,linear
11,77887,49871,49871,0.0,0.0,0.0,0.0,0.5,0.8,6.0,linear
12,81984,49485,49485,0.0517086,0.0607031,0.0,0.0,0.5,0.8,6.0,linear
13,85189,49102,49102,0.0861522,0.109053,0.0,0.0,0.5,0.8,6.0,linear
14,83832,47245,47245,0.105143,0.146954,8.29412e-05,0.0,0.5,0.8,6.0,linear
15,82864,45507,45496,0.125285,0.188018,0.000418565,0.0,0.5,0.8,6.0,linear
16,82719,43814,43765,0.143777,0.226014,0.00116273,0.0,0.5,0.8,6.0,linear
17,82722,42114,41974,0.162421,0.264611,0.00264284,0.0,0.5,0.8,6.0,linear
18,83253,40764,40464,0.177066,0.29356,0.00481558,0.0,0.5,0.8,6.0,linear
19,83189,39663,39115,0.189447,0.319811,0.0077917,0.0,0.5,0.8,6.0,linear
20,84234,38940,38060,0.200088,0.341263,0.0114811,0.0,0.5,0.8,6.0,linear
21,84177,38147,36899,0.208237,0.35858,0.0154872,0.0,0.5,0.8,6.0,linear
22,84291,37320,35664,0.214761,0.372036,0.0202979,0.0,0.5,0.8,6.0,linear
23,84041,36410,34321,0.221491,0.385508,0.0254053,0.0,0.5,0.8,6.0,linear
24,84276,35911,33281,0.226829,0.395601,0.0306931,0.0,0.5,0.8,6.0,linear
25,83739,35314,32198,0.230512,0.402856,0.0364675,0.0,0.5,0.8,6.0,linear
26,83428,34848,31291,0.233227,0.409241,0.0416623,0.0,0.5,0.8,6.0,linear
27,83285,34486,30445,0.236245,0.415131,0.0474161,0.0,0.5,0.8,6.0,linear
28,83255,34226,29649,0.239975,0.422464,0.0530363,0.0,0.5,0.8,6.0,linear
29,83168,33921,28793,0.242098,0.426686,0.0590183,0.0,0.5,0.8,6.0,linear
30,83523,33777,28096,0.243544,0.429671,0.0647565,0.0,0.5,0.8,6.0,linear
31,83142,33378,27252,0.24488,0.432633,0.0706405,0.0,0.5,0.8,6.0,linear
32,83613,33502,26818,0.246504,0.435406,0.0761672,0.0,0.5,0.8,6.0,linear
33,82973,33256,26119,0.248279,0.438644,0.0822561,0.0,0.5,0.8,6.0,linear
34,83070,33078,25399,0.248667,0.43943,0.0872151,0.0,0.5,0.8,6.0,linear
35,82711,32892,24898,0.248759,0.439904,0.0923245,0.0,0.5,0.8,6.0,linear
36,82792,32856,24466,0.249829,0.442117,0.0969711,0.0,0.5,0.8,6.0,linear
37,82565,32663,23926,0.250513,0.443931,0.101475,0.0,0.5,0.8,6.0,linear
38,83147,32847,23711,0.25014,0.442102,0.106073,0.0,0.5,0.8,6.0,linear
39,83439,32997,23394,0.249281,0.441259,0.10973,0.0,0.5,0.8,6.0,linear
40,83633,33059,23135,0.248845,0.439811,0.113928,0.0,0.5,0.8,6.0,linear
41,83008,33063,22699,0.248638,0.439725,0.118215,0.0,0.5,0.8,6.0,linear
42,83521,33208,22475,0.250042,0.442304,0.121478,0.0,0.5,0.8,6.0,linear
43,83214,32952,21934,0.249943,0.442511,0.125383,0.0,0.5,0.8,6.0,linear
44,83027,32743,21469,0.251555,0.445034,0.128938,0.0,0.5,0.8,6.0,linear
45,82616,32509,21126,0.250833,0.444042,0.132759,0.0,0.5,0.8,6.0,linear
46,82498,32550,20918,0.24883,0.440701,0.135735,0.0,0.5,0.8,6.0,linear
47,83218,32855,20910,0.249057,0.440225,0.13848,0.0,0.5,0.8,6.0,linear
48,83219,33138,20871,0.248599,0.439459,0.1401,0.0,0.5,0.8,6.0,linear
49,83494,33201,20718,0.248365,0.438895,0.141163,0.0,0.5,0.8,6.0,linear
50,83476,33367,20705,0.247821,0.438729,0.142248,0.0,0.5,0.8,6.0,linear
51,83040,33102,20433,0.248602,0.439499,0.144519,0.0,0.5,0.8,6.0,linear
52,83139,32962,20123,0.247734,0.438136,0.145921,0.0,0.5,0.8,6.0,linear
53,83463,33090,20046,0.250304,0.443781,0.147935,0.0,0.5,0.8,6.0,linear
54,83419,32783,19711,0.251057,0.445344,0.148203,0.0,0.5,0.8,6.0,linear
55,83512,32771,19631,0.249856,0.443175,0.150072,0.0,0.5,0.8,6.0,linear
56,83190,32951,19686,0.2493,0.441337,0.150484,0.0,0.5,0.8,6.0,linear
57,83393,32972,19649,0.249079,0.440915,0.151865,0.0,0.5,0.8,6.0,linear
58,83079,32914,19504,0.247944,0.438446,0.15266,0.0,0.5,0.8,6.0,linear
59,83125,33155,19629,0.248328,0.43902,0.152842,0.0,0.5,0.8,6.0,linear
60,83434,33183,19615,0.248724,0.440207,0.152757,0.0,0.5,0.8,6.0,linear
61,83355,33312,19612,0.248956,0.441793,0.154677,0.0,0.5,0.8,6.0,linear
62,83049,32968,19337,0.25023,0.443711,0.154859,0.0,0.5,0.8,6.0,linear
63,82954,32706,19136,0.251277,0.445468,0.155232,0.0,0.5,0.8,6.0,linear
64,82598,32593,18935,0.251567,0.444671,0.155663,0.0,0.5,0.8,6.0,linear
65,82364,32429,18817,0.251454,0.445425,0.155923,0.0,0.5,0.8,6.0,linear
66,82863,32694,19002,0.250593,0.44419,0.156138,0.0,0.5,0.8,6.0,linear
67,83168,32637,18951,0.250357,0.442835,0.157258,0.0,0.5,0.8,6.0,linear
68,82861,32714,18906,0.250065,0.442657,0.157637,0.0,0.5,0.8,6.0,linear
69,83016,32870,19034,0.249877,0.442617,0.157958,0.0,0.5,0.8,6.0,linear
70,83228,32831,19010,0.251315,0.445403,0.158053,0.0,0.5,0.8,6.0,linear
71,83038,32702,18960,0.250143,0.442937,0.158077,0.0,0.5,0.8,6.0,linear
72,82743,32669,19012,0.250602,0.443512,0.158135,0.0,0.5,0.8,6.0,linear
73,83009,32794,19034,0.250287,0.442688,0.1588,0.0,0.5,0.8,6.0,linear
74,83070,32915,18949,0.249956,0.4422,0.160186,0.0,0.5,0.8,6.0,linear
75,83082,32956,18860,0.24947,0.441227,0.160653,0.0,0.5,0.8,6.0,linear
76,83181,32913,18812,0.250308,0.443129,0.160652,0.0,0.5,0.8,6.0,linear
77,83419,32946,18763,0.248609,0.440117,0.161181,0.0,0.5,0.8,6.0,linear
78,83307,33094,18820,0.249864,0.442534,0.160443,0.0,0.5,0.8,6.0,linear
79,83735,33295,19069,0.248737,0.440859,0.161114,0.0,0.5,0.8,6.0,linear
80,83673,33273,19021,0.248125,0.439855,0.162294,0.0,0.5,0.8,6.0,linear
81,83566,33339,18914,0.24917,0.441885,0.16312,0.0,0.5,0.8,6.0,linear
82,83090,32815,18477,0.250355,0.443002,0.163153,0.0,0.5,0.8,6.0,linear
83,83047,32854,18527,0.250034,0.442267,0.162705,0.0,0.5,0.8,6.0,linear
84,82886,32888,18600,0.248324,0.440025,0.16222,0.0,0.5,0.8,6.0,linear
85,83011,32853,18650,0.249367,0.442105,0.162189,0.0,0.5,0.8,6.0,linear
86,83445,32816,18554,0.249424,0.441077,0.162019,0.0,0.5,0.8,6.0,linear
87,82978,32874,18647,0.248848,0.440759,0.163533,0.0,0.5,0.8,6.0,linear
88,83338,33154,18813,0.248261,0.439987,0.162959,0.0,0.5,0.8,6.0,linear
89,83196,33010,18744,0.248272,0.439736,0.163511,0.0,0.5,0.8,6.0,linear
90,83238,32975,18591,0.247196,0.437445,0.164663,0.0,0.5,0.8,6.0,linear
91,83258,33004,18617,0.248752,0.44022,0.163532,0.0,0.5,0.8,6.0,linear
92,83148,32945,18479,0.246749,0.4365,0.16447,0.0,0.5,0.8,6.0,linear
93,83424,33057,18618,0.248684,0.440394,0.164481,0.0,0.5,0.8,6.0,linear
94,83684,32967,18519,0.248842,0.439433,0.164774,0.0,0.5,0.8,6.0,linear
95,83142,33098,18681,0.247533,0.437477,0.1653,0.0,0.5,0.8,6.0,linear
96,83396,33273,18891,0.246842,0.437427,0.163836,0.0,0.5,0.8,6.0,linear
97,83432,33148,18895,0.2475,0.437571,0.163359,0.0,0.5,0.8,6.0,linear
98,83899,33289,18820,0.24734,0.437569,0.163704,0.0,0.5,0.8,6.0,linear
99,83580,33231,18709,0.247163,0.437619,0.164554,0.0,0.5,0.8,6.0,linear
100,83915,33377,18770,0.247289,0.43781,0.164933,0.0,0.5,0.8,6.0,linear
101,83709,33344,18808,0.246497,0.436232,0.165049,0.0,0.5,0.8,6.0,linear
102,83925,33452,18943,0.24678,0.436408,0.163985,0.0,0.5,0.8,6.0,linear
103,83629,33514,19016,0.24665,0.436166,0.163705,0.0,0.5,0.8,6.0,linear
104,83308,33395,18930,0.247196,0.437246,0.162774,0.0,0.5,0.8,6.0,linear
105,83283,33285,18901,0.248176,0.438898,0.161666,0.0,0.5,0.8,6.0,linear
106,83753,33162,18942,0.249268,0.441343,0.161574,0.0,0.5,0.8,6.0,linear
107,83543,33030,18894,0.249267,0.442028,0.161124,0.0,0.5,0.8,6.0,linear
108,83067,32818,18734,0.251315,0.446195,0.16095,0.0,0.5,0.8,6.0,linear
109,82986,32546,18567,0.250721,0.444326,0.161377,0.0,0.5,0.8,6.0,linear
110,82984,32438,18549,0.252209,0.446383,0.161165,0.0,0.5,0.8,6.0,linear
111,82951,32530,18603,0.250353,0.44394,0.161042,0.0,0.5,0.8,6.0,linear
112,83088,32816,18644,0.249939,0.44285,0.161611,0.0,0.5,0.8,6.0,linear
113,82983,32719,18614,0.249885,0.442786,0.161512,0.0,0.5,0.8,6.0,linear
114,82986,32800,18703,0.251136,0.444504,0.16171,0.0,0.5,0.8,6.0,linear
115,82827,32529,18555,0.251726,0.445599,0.161465,0.0,0.5,0.8,6.0,linear
116,83163,32673,18485,0.250378,0.44333,0.162212,0.0,0.5,0.8,6.0,linear
117,83247,32649,18468,0.251017,0.444583,0.163206,0.0,0.5,0.8,6.0,linear
118,83162,32528,18338,0.249386,0.441583,0.164143,0.0,0.5,0.8,6.0,linear
119,82984,32625,18408,0.247981,0.439675,0.164926,0.0,0.5,0.8,6.0,linear
120,83405,33011,18546,0.248039,0.438694,0.164673,0.0,0.5,0.8,6.0,linear
121,83730,33144,18651,0.247629,0.438496,0.164795,0.0,0.5,0.8,6.0,linear
122,83386,33038,18597,0.247451,0.438181,0.165474,0.0,0.5,0.8,6.0,linear
123,83523,32830,18444,0.248431,0.43988,0.165346,0.0,0.5,0.8,6.0,linear
124,83693,32983,18482,0.247359,0.437776,0.165567,0.0,0.5,0.8,6.0,linear
125,83255,32941,18400,0.247624,0.437766,0.16509,0.0,0.5,0.8,6.0,linear
126,83129,32782,18467,0.248038,0.438594,0.164219,0.0,0.5,0.8,6.0,linear
127,83458,33005,18656,0.24713,0.437604,0.164304,0.0,0.5,0.8,6.0,linear
128,83591,33265,18772,0.247027,0.437373,0.163437,0.0,0.5,0.8,6.0,linear
129,83651,33468,18964,0.246729,0.437034,0.164148,0.0,0.5,0.8,6.0,linear
130,83484,33341,18828,0.246608,0.435727,0.162962,0.0,0.5,0.8,6.0,linear
131,83310,33195,18808,0.247409,0.437742,0.163531,0.0,0.5,0.8,6.0,linear
132,83172,33188,18756,0.247258,0.437389,0.163097,0.0,0.5,0.8,6.0,linear
133,83508,33328,18884,0.248296,0.439235,0.163353,0.0,0.5,0.8,6.0,linear
134,83269,33099,18714,0.249284,0.441134,0.162344,0.0,0.5,0.8,6.0,linear
135,83171,32863,18629,0.250484,0.443426,0.162036,0.0,0.5,0.8,6.0,linear
136,82978,32794,18706,0.249927,0.443121,0.162272,0.0,0.5,0.8,6.0,linear
137,82809,32930,18814,0.248346,0.439498,0.162384,0.0,0.5,0.8,6.0,linear
138,82878,32934,18751,0.247912,0.43825,0.16144,0.0,0.5,0.8,6.0,linear
139,83298,33048,18889,0.247947,0.438734,0.161525,0.0,0.5,0.8,6.0,linear
140,83169,33093,18823,0.247639,0.438615,0.161174,0.0,0.5,0.8,6.0,linear
141,82849,32906,18652,0.249008,0.440787,0.162135,0.0,0.5,0.8,6.0,linear
142,82981,32993,18645,0.247753,0.438449,0.162575,0.0,0.5,0.8,6.0,linear
143,83526,33139,18808,0.247642,0.438378,0.162817,0.0,0.5,0.8,6.0,linear
144,83437,33133,18829,0.248218,0.439286,0.163491,0.0,0.5,0.8,6.0,linear
145,83489,32998,18748,0.248369,0.438836,0.162546,0.0,0.5,0.8,6.0,linear
146,83380,33037,18758,0.248429,0.440427,0.162826,0.0,0.5,0.8,6.0,linear
147,83510,32856,18662,0.250022,0.442757,0.161599,0.0,0.5,0.8,6.0,linear
148,83669,32940,18800,0.250639,0.44393,0.161484,0.0,0.5,0.8,6.0,linear
149,83268,32802,18619,0.250174,0.443164,0.162301,0.0,0.5,0.8,6.0,linear
150,83406,32690,18596,0.251025,0.445184,0.161668,0.0,0.5,0.8,6.0,linear
151,83084,32621,18526,0.25097,0.444641,0.161588,0.0,0.5,0.8,6.0,linear
152,83191,32786,18653,0.250795,0.445687,0.162237,0.0,0.5,0.8,6.0,linear
153,82944,32675,18467,0.250216,0.443403,0.163609,0.0,0.5,0.8,6.0,linear
154,83420,32740,18503,0.249897,0.442759,0.162759,0.0,0.5,0.8,6.0,linear
155,83274,33006,18637,0.249388,0.442742,0.163051,0.0,0.5,0.8,6.0,linear
156,83509,33023,18664,0.248833,0.440846,0.163785,0.0,0.5,0.8,6.0,linear
157,83690,33002,18623,0.247994,0.43889,0.164101,0.0,0.5,0.8,6.0,linear
158,83870,33320,18827,0.247691,0.438104,0.16463,0.0,0.5,0.8,6.0,linear
159,83748,33314,18854,0.247016,0.436973,0.164456,0.0,0.5,0.8,6.0,linear
160,83708,33287,18856,0.248114,0.439248,0.163951,0.0,0.5,0.8,6.0,linear
161,83104,33025,18733,0.248185,0.439881,0.163878,0.0,0.5,0.8,6.0,linear
162,83305,33037,18613,0.247185,0.437265,0.163789,0.0,0.5,0.8,6.0,linear
163,83248,33195,18750,0.246719,0.436847,0.163966,0.0,0.5,0.8,6.0,linear
164,83510,33270,18846,0.24914,0.440859,0.163429,0.0,0.5,0.8,6.0,linear
165,83149,33019,18564,0.24947,0.441797,0.163043,0.0,0.5,0.8,6.0,linear
166,83011,33100,18627,0.247934,0.439022,0.163893,0.0,0.5,0.8,6.0,linear
167,83469,33318,18782,0.247141,0.437574,0.163424,0.0,0.5,0.8,6.0,linear
168,83520,33352,18827,0.247137,0.437751,0.16281,0.0,0.5,0.8,6.0,linear
169,83222,33309,18846,0.24688,0.437666,0.162978,0.0,0.5,0.8,6.0,linear
170,83751,33373,18887,0.249623,0.442393,0.162643,0.0,0.5,0.8,6.0,linear
171,83429,33070,18789,0.24926,0.441245,0.162282,0.0,0.5,0.8,6.0,linear
172,83226,32824,18717,0.250285,0.443149,0.162075,0.0,0.5,0.8,6.0,linear
173,82984,32775,18633,0.249405,0.441708,0.161969,0.0,0.5,0.8,6.0,linear
174,83526,32958,18611,0.249968,0.442305,0.162355,0.0,0.5,0.8,6.0,linear
175,83572,33215,18688,0.249268,0.441522,0.163348,0.0,0.5,0.8,6.0,linear
176,83762,33279,18723,0.247628,0.438617,0.164115,0.0,0.5,0.8,6.0,linear
177,83331,33322,18701,0.247624,0.438101,0.164939,0.0,0.5,0.8,6.0,linear
178,83193,33090,18651,0.247714,0.438456,0.164895,0.0,0.5,0.8,6.0,linear
179,83077,33015,18645,0.248424,0.43946,0.164501,0.0,0.5,0.8,6.0,linear
180,83273,32882,18640,0.248827,0.440019,0.16388,0.0,0.5,0.8,6.0,linear
181,83055,32770,18639,0.248804,0.4405,0.163662,0.0,0.5,0.8,6.0,linear
182,83227,33081,18783,0.248975,0.441083,0.162796,0.0,0.5,0.8,6.0,linear
183,83238,32834,18636,0.250079,0.442468,0.162231,0.0,0.5,0.8,6.0,linear
184,83350,32889,18735,0.25016,0.443562,0.161312,0.0,0.5,0.8,6.0,linear
185,83342,32755,18704,0.250648,0.444307,0.160396,0.0,0.5,0.8,6.0,linear
186,82988,32692,18661,0.249893,0.443196,0.161626,0.0,0.5,0.8,6.0,linear
187,83249,32731,18653,0.250024,0.442928,0.16151,0.0,0.5,0.8,6.0,linear
188,83075,32699,18551,0.249629,0.441843,0.162808,0.0,0.5,0.8,6.0,linear
189,82876,32593,18582,0.249351,0.441564,0.162227,0.0,0.5,0.8,6.0,linear
190,83176,32744,18739,0.248896,0.440761,0.161604,0.0,0.5,0.8,6.0,linear
191,83337,32880,18831,0.248188,0.439346,0.161113,0.0,0.5,0.8,6.0,linear
192,83437,33132,18989,0.246852,0.437389,0.161696,0.0,0.5,0.8,6.0,linear
193,83120,33224,19083,0.248134,0.438846,0.161115,0.0,0.5,0.8,6.0,linear
194,83145,32907,18787,0.249266,0.440816,0.161083,0.0,0.5,0.8,6.0,linear
195,83575,33053,18908,0.249304,0.440853,0.161433,0.0,0.5,0.8,6.0,linear
196,83188,33087,18935,0.247963,0.439641,0.16119,0.0,0.5,0.8,6.0,linear
197,83119,32811,18748,0.24906,0.440561,0.160675,0.0,0.5,0.8,6.0,linear
198,83271,33001,18927,0.249199,0.440561,0.160663,0.0,0.5,0.8,6.0,linear
199,82984,33025,19016,0.248745,0.440469,0.160371,0.0,0.5,0.8,6.0,linear
200,83144,32869,18973,0.247776,0.438847,0.160369,0.0,0.5,0.8,6.0,linear
201,83403,32933,19045,0.248344,0.439883,0.160638,0.0,0.5,0.8,6.0,linear
202,83463,33029,19072,0.249479,0.441804,0.161055,0.0,0.5,0.8,6.0,linear
203,83346,32861,18873,0.249516,0.441603,0.16142,0.0,0.5,0.8,6.0,linear
204,83282,32783,18809,0.247986,0.439535,0.16149,0.0,0.5,0.8,6.0,linear
205,83500,32977,18885,0.24725,0.437952,0.161404,0.0,0.5,0.8,6.0,linear
206,83188,33030,18798,0.247593,0.438922,0.162483,0.0,0.5,0.8,6.0,linear
207,82895,32816,18624,0.248256,0.439306,0.162131,0.0,0.5,0.8,6.0,linear
208,83271,32930,18665,0.247741,0.438651,0.163076,0.0,0.5,0.8,6.0,linear
209,83608,33035,18708,0.248312,0.438672,0.162198,0.0,0.5,0.8,6.0,linear
210,83659,33266,18922,0.247136,0.437258,0.161938,0.0,0.5,0.8,6.0,linear
211,83366,33482,18984,0.247463,0.43834,0.161896,0.0,0.5,0.8,6.0,linear
212,83721,33389,19092,0.24824,0.438997,0.161092,0.0,0.5,0.8,6.0,linear
213,83594,33319,19031,0.247681,0.43812,0.160866,0.0,0.5,0.8,6.0,linear
214,83603,33353,19039,0.24702,0.436846,0.161945,0.0,0.5,0.8,6.0,linear
215,83514,33289,19016,0.248644,0.440312,0.162049,0.0,0.5,0.8,6.0,linear
216,83271,33011,18811,0.248938,0.440732,0.16188,0.0,0.5,0.8,6.0,linear
217,82832,32808,18652,0.249675,0.442531,0.162158,0.0,0.5,0.8,6.0,linear
218,82792,32803,18620,0.250636,0.443898,0.162907,0.0,0.5,0.8,6.0,linear
219,82928,32707,18540,0.250873,0.444322,0.162671,0.0,0.5,0.8,6.0,linear
220,83127,32689,18533,0.251546,0.445977,0.163015,0.0,0.5,0.8,6.0,linear
221,82807,32580,18452,0.251206,0.445823,0.16347,0.0,0.5,0.8,6.0,linear
222,82974,32691,18448,0.252167,0.447378,0.163141,0.0,0.5,0.8,6.0,linear
223,83257,32681,18334,0.251761,0.446548,0.16379,0.0,0.5,0.8,6.0,linear
224,82954,32695,18329,0.25074,0.44456,0.165313,0.0,0.5,0.8,6.0,linear
225,83465,32988,18469,0.250678,0.444534,0.164568,0.0,0.5,0.8,6.0,linear
226,83058,32850,18433,0.24904,0.441361,0.164723,0.0,0.5,0.8,6.0,linear
227,83029,32803,18434,0.249671,0.442922,0.164426,0.0,0.5,0.8,6.0,linear
228,82847,32649,18293,0.249712,0.441964,0.165281,0.0,0.5,0.8,6.0,linear
229,82986,32654,18202,0.25084,0.444429,0.165304,0.0,0.5,0.8,6.0,linear
230,83131,32669,18223,0.250769,0.444209,0.163971,0.0,0.5,0.8,6.0,linear
231,83003,32776,18379,0.250845,0.44434,0.16397,0.0,0.5,0.8,6.0,linear
232,82694,32603,18209,0.249718,0.442513,0.163857,0.0,0.5,0.8,6.0,linear
233,83094,32779,18254,0.248914,0.440951,0.164264,0.0,0.5,0.8,6.0,linear
234,83518,32814,18351,0.24905,0.441433,0.164319,0.0,0.5,0.8,6.0,linear
235,83025,32690,18366,0.248693,0.44042,0.165129,0.0,0.5,0.8,6.0,linear
236,83344,32948,18476,0.247275,0.438208,0.164831,0.0,0.5,0.8,6.0,linear
237,83236,32987,18550,0.247711,0.438078,0.164376,0.0,0.5,0.8,6.0,linear
238,83620,33285,18748,0.247686,0.437719,0.164517,0.0,0.5,0.8,6.0,linear
239,83483,33231,18729,0.247911,0.438409,0.163377,0.0,0.5,0.8,6.0,linear
240,83465,32988,18560,0.24764,0.437879,0.164165,0.0,0.5,0.8,6.0,linear
241,83536,32974,18564,0.247852,0.439392,0.163886,0.0,0.5,0.8,6.0,linear
242,83485,33029,18618,0.249314,0.44124,0.162865,0.0,0.5,0.8,6.0,linear
243,83350,32970,18620,0.249978,0.442537,0.162001,0.0,0.5,0.8,6.0,linear
244,83366,32967,18718,0.250004,0.443063,0.161847,0.0,0.5,0.8,6.0,linear
245,83015,32971,18666,0.250371,0.443439,0.161817,0.0,0.5,0.8,6.0,linear
246,83055,32812,18587,0.250325,0.442782,0.1614,0.0,0.5,0.8,6.0,linear
247,83005,32789,18609,0.247966,0.438926,0.161461,0.0,0.5,0.8,6.0,linear
248,83291,32989,18821,0.247531,0.438285,0.161232,0.0,0.5,0.8,6.0,linear
249,83558,32989,18739,0.247937,0.438444,0.16079,0.0,0.5,0.8,6.0,linear
250,83421,32991,18879,0.249162,0.440944,0.160993,0.0,0.5,0.8,6.0,linear
251,83411,33120,19036,0.248239,0.439649,0.160178,0.0,0.5,0.8,6.0,linear
252,83196,33056,18989,0.248778,0.440164,0.159686,0.0,0.5,0.8,6.0,linear
253,83015,33164,19099,0.248331,0.440068,0.15952,0.0,0.5,0.8,6.0,linear
254,83282,33174,19024,0.248111,0.439714,0.160605,0.0,0.5,0.8,6.0,linear
255,83555,33235,18961,0.248309,0.439456,0.161676,0.0,0.5,0.8,6.0,linear
256,83110,33152,18929,0.2475,0.437776,0.161648,0.0,0.5,0.8,6.0,linear
257,83359,33283,18978,0.249651,0.441505,0.161285,0.0,0.5,0.8,6.0,linear
258,83032,32881,18719,0.251138,0.444659,0.161108,0.0,0.5,0.8,6.0,linear
259,83036,32778,18608,0.251071,0.444092,0.161998,0.0,0.5,0.8,6.0,linear
260,82811,32721,18520,0.248522,0.440287,0.162546,0.0,0.5,0.8,6.0,linear
261,83204,32963,18682,0.248308,0.439642,0.163218,0.0,0.5,0.8,6.0,linear
262,83306,33053,18649,0.246617,0.436089,0.163487,0.0,0.5,0.8,6.0,linear
263,83546,33221,18710,0.247371,0.437975,0.162816,0.0,0.5,0.8,6.0,linear
264,82945,32957,18598,0.248746,0.440676,0.162306,0.0,0.5,0.8,6.0,linear
265,83028,32738,18538,0.249155,0.440965,0.162332,0.0,0.5,0.8,6.0,linear
266,82991,32783,18611,0.248014,0.439652,0.162531,0.0,0.5,0.8,6.0,linear
267,83207,32906,18720,0.24798,0.439057,0.162581,0.0,0.5,0.8,6.0,linear
268,82904,32834,18491,0.248164,0.439324,0.162389,0.0,0.5,0.8,6.0,linear
269,82875,33025,18668,0.247551,0.438614,0.163076,0.0,0.5,0.8,6.0,linear
270,82959,33282,18904,0.247087,0.43742,0.162975,0.0,0.5,0.8,6.0,linear
271,83124,33261,18816,0.247652,0.437949,0.162634,0.0,0.5,0.8,6.0,linear
272,83681,33188,18790,0.247918,0.439136,0.162911,0.0,0.5,0.8,6.0,linear
273,83564,33277,18922,0.247802,0.439505,0.163136,0.0,0.5,0.8,6.0,linear
274,83351,33093,18743,0.248644,0.440806,0.16189,0.0,0.5,0.8,6.0,linear
275,82879,32968,18716,0.249984,0.44295,0.161872,0.0,0.5,0.8,6.0,linear
276,83398,32928,18733,0.251169,0.445206,0.162293,0.0,0.5,0.8,6.0,linear
277,83212,32821,18661,0.251244,0.444934,0.161991,0.0,0.5,0.8,6.0,linear
278,83077,32830,18672,0.251494,0.445701,0.162058,0.0,0.5,0.8,6.0,linear
279,82931,32815,18525,0.251076,0.445335,0.162486,0.0,0.5,0.8,6.0,linear
280,83199,32683,18477,0.251907,0.446186,0.162443,0.0,0.5,0.8,6.0,linear
281,83133,32608,18426,0.249298,0.441528,0.162387,0.0,0.5,0.8,6.0,linear
282,83352,32804,18626,0.249264,0.441637,0.161746,0.0,0.5,0.8,6.0,linear
283,83208,32950,18763,0.249074,0.441417,0.162525,0.0,0.5,0.8,6.0,linear
284,83254,32759,18729,0.250597,0.443637,0.16184,0.0,0.5,0.8,6.0,linear
285,83146,32701,18594,0.250966,0.444828,0.161495,0.0,0.5,0.8,6.0,linear
286,83109,32768,18562,0.250588,0.443965,0.161919,0.0,0.5,0.8,6.0,linear
287,83040,32892,18694,0.249289,0.441658,0.161908,0.0,0.5,0.8,6.0,linear
288,83298,32757,18580,0.249423,0.441241,0.161257,0.0,0.5,0.8,6.0,linear
289,83241,32874,18643,0.248307,0.439765,0.162292,0.0,0.5,0.8,6.0,linear
290,83161,32895,18779,0.249691,0.442162,0.162105,0.0,0.5,0.8,6.0,linear
291,83059,32816,18719,0.249311,0.441139,0.162049,0.0,0.5,0.8,6.0,linear
292,82913,32709,18668,0.250879,0.443761,0.161782,0.0,0.5,0.8,6.0,linear
293,82934,32745,18619,0.249853,0.442377,0.162158,0.0,0.5,0.8,6.0,linear
294,83072,32881,18712,0.249607,0.441955,0.162829,0.0,0.5,0.8,6.0,linear
295,82946,32761,18538,0.251144,0.444427,0.163037,0.0,0.5,0.8,6.0,linear
296,82685,32606,18378,0.252026,0.446266,0.162752,0.0,0.5,0.8,6.0,linear
297,82803,32527,18458,0.25133,0.444907,0.162619,0.0,0.5,0.8,6.0,linear
298,82874,32673,18511,0.250838,0.444361,0.162252,0.0,0.5,0.8,6.0,linear
299,83273,32896,18587,0.250053,0.442741,0.163022,0.0,0.5,0.8,6.0,linear
300,83311,32836,18583,0.249712,0.442889,0.164024,0.0,0.5,0.8,6.0,linear
301,83049,32689,18562,0.251215,0.444674,0.16248,0.0,0.5,0.8,6.0,linear
302,82856,32591,18402,0.250786,0.444357,0.161842,0.0,0.5,0.8,6.0,linear
303,82732,32673,18522,0.250206,0.444036,0.163706,0.0,0.5,0.8,6.0,linear
304,83033,32672,18359,0.250712,0.444183,0.163949,0.0,0.5,0.8,6.0,linear
305,83257,32660,18347,0.249136,0.440404,0.164424,0.0,0.5,0.8,6.0,linear
306,83221,32949,18584,0.24952,0.441616,0.164421,0.0,0.5,0.8,6.0,linear
307,83381,33062,18630,0.249474,0.441457,0.164174,0.0,0.5,0.8,6.0,linear
308,82961,32831,18614,0.249927,0.442322,0.164124,0.0,0.5,0.8,6.0,linear
309,83691,32880,18593,0.250309,0.4441,0.163861,0.0,0.5,0.8,6.0,linear
310,83551,32817,18532,0.248738,0.440829,0.163669,0.0,0.5,0.8,6.0,linear
311,83083,32737,18481,0.249269,0.440906,0.162603,0.0,0.5,0.8,6.0,linear
312,83202,32940,18657,0.248786,0.439752,0.1628,0.0,0.5,0.8,6.0,linear
313,83338,32973,18830,0.24713,0.43753,0.163049,0.0,0.5,0.8,6.0,linear
314,83325,32909,18773,0.247664,0.43833,0.162279,0.0,0.5,0.8,6.0,linear
315,83546,32828,18700,0.247682,0.438196,0.162203,0.0,0.5,0.8,6.0,linear
316,83358,32662,18633,0.24743,0.437591,0.161428,0.0,0.5,0.8,6.0,linear
317,83494,32820,18717,0.246558,0.437039,0.161738,0.0,0.5,0.8,6.0,linear

