generation,size,female_size,fertile_female_size,rate_dr,rate_has_drive,rate_complete_r2,rate_partial_r2,drive_efficiency,drop_ratio,low_density_growth_rate,density_growth_curve
1,78221,49402,49402,0.0,0.0,0.0,0.0,0.5,0.6,6.0,linear
2,78376,49490,49490,0.0,0.0,0.0,0.0,0.5,0.6,6.0,linear
3,79606,50419,50419,0.0,0.0,0.0,0.0,0.5,0.6,6.0,linear
4,79237,50249,50249,0.0,0.0,0.0,0.0,0.5,0.6,6.0,linear
5,78688,50182,50182,0.0,0.0,0.0,0.0,0.5,0.6,6.0,linear
6,78350,49987,49987,0.0,0.0,0.0,0.0,0.5,0.6,6.0,linear
7,77433,49591,49591,0.0,0.0,0.0,0.0,0.5,0.6,6.0,linear
8,78611,50180,50180,0.0,0.0,0.0,0.0,0.5,0.6,6.0,linear
9,78893,50206,50206,0.0,0.0,0.0,0.0,0.5,0.6,6.0,linear
10,78426,50064,50064,0.0,0.0,0.0,0.0,0.5,0.6,6.0,linear
11,78674,50225,50225,0.0,0.0,0.0,0.0,0.5,0.6,6.0,linear
12,82439,50238,50238,0.0396336,0.0460968,0.0,0.0,0.5,0.6,6.0,linear
13,83011,49330,49330,0.0670479,0.0853914,0.0,0.0,0.5,0.6,6.0,linear
14,81629,47844,47844,0.0826362,0.116464,0.0,0.0,0.5,0.6,6.0,linear
15,81113,46227,46227,0.100233,0.152179,0.0,0.0,0.5,0.6,6.0,linear
16,81648,45119,45119,0.117028,0.186828,0.0,0.0,0.5,0.6,6.0,linear
17,82253,43906,43906,0.13029,0.214306,0.0,0.0,0.5,0.6,6.0,linear
18,82052,42671,42671,0.14374,0.241582,0.0,0.0,0.5,0.6,6.0,linear
19,82613,41808,41808,0.153874,0.263163,0.0,0.0,0.5,0.6,6.0,linear
20,84080,41569,41569,0.163844,0.282965,0.0,0.0,0.5,0.6,6.0,linear
21,84638,41151,41151,0.171016,0.298282,0.0,0.0,0.5,0.6,6.0,linear
22,84793,40550,40550,0.176315,0.308972,0.0,0.0,0.5,0.6,6.0,linear
23,84231,39845,39845,0.18109,0.318379,0.0,0.0,0.5,0.6,6.0,linear
24,83799,39285,39285,0.188177,0.332111,0.0,0.0,0.5,0.6,6.0,linear
25,83758,38655,38655,0.193764,0.343928,0.0,0.0,0.5,0.6,6.0,linear
26,83445,37993,37993,0.197599,0.351222,0.0,0.0,0.5,0.6,6.0,linear
27,83112,37567,37567,0.202492,0.361864,0.0,0.0,0.5,0.6,6.0,linear
28,83712,37511,37511,0.2047,0.366487,0.0,0.0,0.5,0.6,6.0,linear
29,83800,37095,37095,0.209994,0.376699,0.0,0.0,0.5,0.6,6.0,linear
30,83129,36525,36525,0.212195,0.381698,0.0,0.0,0.5,0.6,6.0,linear
31,83412,36424,36424,0.215063,0.386762,0.0,0.0,0.5,0.6,6.0,linear
32,83440,35947,35947,0.217035,0.391335,0.0,0.0,0.5,0.6,6.0,linear
33,83158,35522,35522,0.219604,0.395662,0.0,0.0,0.5,0.6,6.0,linear
34,82732,34934,34934,0.219721,0.396,0.0,0.0,0.5,0.6,6.0,linear
35,82800,35158,35158,0.221873,0.400336,0.0,0.0,0.5,0.6,6.0,linear
36,82648,34962,34962,0.222749,0.402369,0.0,0.0,0.5,0.6,6.0,linear
37,82256,34813,34813,0.224126,0.40513,0.0,0.0,0.5,0.6,6.0,linear
38,82638,34835,34835,0.224174,0.405445,0.0,0.0,0.5,0.6,6.0,linear
39,82443,34708,34708,0.22543,0.408141,0.0,0.0,0.5,0.6,6.0,linear
40,82541,34606,34606,0.227676,0.41202,0.0,0.0,0.5,0.6,6.0,linear
41,82063,34251,34251,0.228829,0.414246,0.0,0.0,0.5,0.6,6.0,linear
42,82475,34196,34196,0.23013,0.416703,0.0,0.0,0.5,0.6,6.0,linear
43,82308,34123,34123,0.230423,0.417193,0.0,0.0,0.5,0.6,6.0,linear
44,82496,34281,34281,0.229946,0.416494,0.0,0.0,0.5,0.6,6.0,linear
45,82390,34183,34183,0.232011,0.421102,0.0,0.0,0.5,0.6,6.0,linear
46,82210,33980,33980,0.232858,0.422432,0.0,0.0,0.5,0.6,6.0,linear
47,82227,33912,33912,0.231975,0.420852,0.0,0.0,0.5,0.6,6.0,linear
48,82074,33880,33880,0.23247,0.421883,0.0,0.0,0.5,0.6,6.0,linear
49,82523,34002,34002,0.233444,0.423596,0.0,0.0,0.5,0.6,6.0,linear
50,82060,33914,33914,0.233507,0.424139,0.0,0.0,0.5,0.6,6.0,linear
51,82054,33768,33768,0.234073,0.42428,0.0,0.0,0.5,0.6,6.0,linear
52,81687,33606,33606,0.233539,0.423705,0.0,0.0,0.5,0.6,6.0,linear
53,81779,33572,33572,0.233997,0.424518,0.0,0.0,0.5,0.6,6.0,linear
54,81728,33473,33473,0.232819,0.423117,0.0,0.0,0.5,0.6,6.0,linear
55,82527,33758,33758,0.234226,0.425266,0.0,0.0,0.5,0.6,6.0,linear
56,82262,33679,33679,0.234488,0.425585,0.0,0.0,0.5,0.6,6.0,linear
57,82223,33705,33705,0.235235,0.427595,0.0,0.0,0.5,0.6,6.0,linear
58,81826,33308,33308,0.236378,0.429399,0.0,0.0,0.5,0.6,6.0,linear
59,81746,33037,33037,0.237199,0.430614,0.0,0.0,0.5,0.6,6.0,linear
60,81837,32982,32982,0.237372,0.430591,0.0,0.0,0.5,0.6,6.0,linear
61,81276,32752,32752,0.237248,0.430604,0.0,0.0,0.5,0.6,6.0,linear
62,81622,32939,32939,0.237031,0.430454,0.0,0.0,0.5,0.6,6.0,linear
63,81740,32987,32987,0.238494,0.433388,0.0,0.0,0.5,0.6,6.0,linear
64,81943,33083,33083,0.238401,0.433722,0.0,0.0,0.5,0.6,6.0,linear
65,81540,32904,32904,0.237672,0.431803,0.0,0.0,0.5,0.6,6.0,linear
66,81833,33100,33100,0.237358,0.430668,0.0,0.0,0.5,0.6,6.0,linear
67,81836,33225,33225,0.235821,0.428646,0.0,0.0,0.5,0.6,6.0,linear
68,81788,33214,33214,0.235415,0.427958,0.0,0.0,0.5,0.6,6.0,linear
69,81345,33183,33183,0.235301,0.427115,0.0,0.0,0.5,0.6,6.0,linear
70,81423,33190,33190,0.236235,0.428947,0.0,0.0,0.5,0.6,6.0,linear
71,81351,33220,33220,0.235511,0.427794,0.0,0.0,0.5,0.6,6.0,linear
72,81530,33339,33339,0.234083,0.425185,0.0,0.0,0.5,0.6,6.0,linear
73,82261,33557,33557,0.233957,0.424307,0.0,0.0,0.5,0.6,6.0,linear
74,82647,33615,33615,0.23424,0.425483,0.0,0.0,0.5,0.6,6.0,linear
75,82528,33628,33628,0.234302,0.426003,0.0,0.0,0.5,0.6,6.0,linear
76,82155,33519,33519,0.233971,0.424757,0.0,0.0,0.5,0.6,6.0,linear
77,81780,33617,33617,0.235194,0.426908,0.0,0.0,0.5,0.6,6.0,linear
78,81575,33600,33600,0.235379,0.426761,0.0,0.0,0.5,0.6,6.0,linear
79,81496,33323,33323,0.235993,0.428317,0.0,0.0,0.5,0.6,6.0,linear
80,81438,33164,33164,0.23632,0.429194,0.0,0.0,0.5,0.6,6.0,linear
81,81663,33200,33200,0.235334,0.427391,0.0,0.0,0.5,0.6,6.0,linear
82,82024,33348,33348,0.234966,0.426193,0.0,0.0,0.5,0.6,6.0,linear
83,81931,33263,33263,0.234884,0.426194,0.0,0.0,0.5,0.6,6.0,linear
84,81990,33496,33496,0.234687,0.426998,0.0,0.0,0.5,0.6,6.0,linear
85,82334,33626,33626,0.234651,0.425779,0.0,0.0,0.5,0.6,6.0,linear
86,82078,33578,33578,0.234792,0.425791,0.0,0.0,0.5,0.6,6.0,linear
87,81780,33320,33320,0.235704,0.427112,0.0,0.0,0.5,0.6,6.0,linear
88,81931,33466,33466,0.235676,0.427226,0.0,0.0,0.5,0.6,6.0,linear
89,82380,33605,33605,0.235135,0.42678,0.0,0.0,0.5,0.6,6.0,linear
90,81973,33418,33418,0.235696,0.428566,0.0,0.0,0.5,0.6,6.0,linear
91,81880,33461,33461,0.236274,0.429279,0.0,0.0,0.5,0.6,6.0,linear
92,81761,33261,33261,0.2385,0.43282,0.0,0.0,0.5,0.6,6.0,linear
93,81529,33130,33130,0.237699,0.432067,0.0,0.0,0.5,0.6,6.0,linear
94,81389,32953,32953,0.238192,0.43289,0.0,0.0,0.5,0.6,6.0,linear
95,81457,33037,33037,0.237768,0.432095,0.0,0.0,0.5,0.6,6.0,linear
96,82087,33276,33276,0.238119,0.432823,0.0,0.0,0.5,0.6,6.0,linear
97,81615,33184,33184,0.239274,0.435451,0.0,0.0,0.5,0.6,6.0,linear
98,81467,32961,32961,0.237931,0.432232,0.0,0.0,0.5,0.6,6.0,linear
99,81200,33011,33011,0.237205,0.430936,0.0,0.0,0.5,0.6,6.0,linear
100,81750,33185,33185,0.235528,0.427836,0.0,0.0,0.5,0.6,6.0,linear
101,81818,33496,33496,0.235142,0.427674,0.0,0.0,0.5,0.6,6.0,linear
102,81982,33489,33489,0.234964,0.426978,0.0,0.0,0.5,0.6,6.0,linear
103,81729,33341,33341,0.236027,0.428486,0.0,0.0,0.5,0.6,6.0,linear
104,82086,33399,33399,0.23655,0.429807,0.0,0.0,0.5,0.6,6.0,linear
105,81892,33352,33352,0.236896,0.430208,0.0,0.0,0.5,0.6,6.0,linear
106,82012,33525,33525,0.235736,0.427731,0.0,0.0,0.5,0.6,6.0,linear
107,81526,33469,33469,0.235471,0.427832,0.0,0.0,0.5,0.6,6.0,linear
108,81810,33535,33535,0.235656,0.427946,0.0,0.0,0.5,0.6,6.0,linear
109,81807,33378,33378,0.23627,0.429185,0.0,0.0,0.5,0.6,6.0,linear
110,81292,32996,32996,0.236186,0.428496,0.0,0.0,0.5,0.6,6.0,linear
111,81423,32944,32944,0.235908,0.428168,0.0,0.0,0.5,0.6,6.0,linear
112,81941,33200,33200,0.234885,0.426364,0.0,0.0,0.5,0.6,6.0,linear
113,82086,33421,33421,0.233544,0.423765,0.0,0.0,0.5,0.6,6.0,linear
114,82334,33760,33760,0.234809,0.42535,0.0,0.0,0.5,0.6,6.0,linear
115,81847,33598,33598,0.234659,0.425486,0.0,0.0,0.5,0.6,6.0,linear
116,81682,33709,33709,0.233509,0.424348,0.0,0.0,0.5,0.6,6.0,linear
117,82045,33770,33770,0.233593,0.423905,0.0,0.0,0.5,0.6,6.0,linear
118,82319,33621,33621,0.23403,0.424411,0.0,0.0,0.5,0.6,6.0,linear
119,81960,33394,33394,0.235211,0.426277,0.0,0.0,0.5,0.6,6.0,linear
120,81918,33417,33417,0.233673,0.424401,0.0,0.0,0.5,0.6,6.0,linear
121,81659,33466,33466,0.233082,0.42401,0.0,0.0,0.5,0.6,6.0,linear
122,82451,33676,33676,0.233194,0.423322,0.0,0.0,0.5,0.6,6.0,linear
123,82404,33686,33686,0.233496,0.423167,0.0,0.0,0.5,0.6,6.0,linear
124,82361,33819,33819,0.232989,0.423038,0.0,0.0,0.5,0.6,6.0,linear
125,82052,33718,33718,0.232988,0.423402,0.0,0.0,0.5,0.6,6.0,linear
126,82335,33721,33721,0.234063,0.424275,0.0,0.0,0.5,0.6,6.0,linear
127,81545,33445,33445,0.234702,0.425963,0.0,0.0,0.5,0.6,6.0,linear
128,81734,33307,33307,0.234196,0.425493,0.0,0.0,0.5,0.6,6.0,linear
129,81553,33449,33449,0.233972,0.424893,0.0,0.0,0.5,0.6,6.0,linear
130,81626,33447,33447,0.234779,0.426111,0.0,0.0,0.5,0.6,6.0,linear
131,81776,33239,33239,0.235429,0.427236,0.0,0.0,0.5,0.6,6.0,linear
132,81510,33231,33231,0.235629,0.427454,0.0,0.0,0.5,0.6,6.0,linear
133,81970,33448,33448,0.235026,0.4265,0.0,0.0,0.5,0.6,6.0,linear
134,81888,33699,33699,0.233789,0.424103,0.0,0.0,0.5,0.6,6.0,linear
135,81829,33875,33875,0.233522,0.423372,0.0,0.0,0.5,0.6,6.0,linear
136,81972,33857,33857,0.23422,0.424432,0.0,0.0,0.5,0.6,6.0,linear
137,81520,33552,33552,0.235084,0.426474,0.0,0.0,0.5,0.6,6.0,linear
138,81871,33477,33477,0.235385,0.42704,0.0,0.0,0.5,0.6,6.0,linear
139,81588,33469,33469,0.233356,0.423372,0.0,0.0,0.5,0.6,6.0,linear
140,82038,33376,33376,0.233772,0.423841,0.0,0.0,0.5,0.6,6.0,linear
141,81916,33439,33439,0.234511,0.426425,0.0,0.0,0.5,0.6,6.0,linear
142,82056,33566,33566,0.234509,0.426367,0.0,0.0,0.5,0.6,6.0,linear
143,82072,33674,33674,0.234767,0.426987,0.0,0.0,0.5,0.6,6.0,linear
144,81742,33405,33405,0.235346,0.427238,0.0,0.0,0.5,0.6,6.0,linear
145,81489,33236,33236,0.235819,0.428205,0.0,0.0,0.5,0.6,6.0,linear
146,81629,33233,33233,0.236876,0.430367,0.0,0.0,0.5,0.6,6.0,linear
147,81268,33092,33092,0.236272,0.429191,0.0,0.0,0.5,0.6,6.0,linear
148,81446,33227,33227,0.235584,0.427491,0.0,0.0,0.5,0.6,6.0,linear
149,81699,33330,33330,0.235527,0.427465,0.0,0.0,0.5,0.6,6.0,linear
150,82022,33280,33280,0.235365,0.427091,0.0,0.0,0.5,0.6,6.0,linear
151,81812,33299,33299,0.234926,0.426798,0.0,0.0,0.5,0.6,6.0,linear
152,82007,33530,33530,0.234705,0.426548,0.0,0.0,0.5,0.6,6.0,linear
153,81624,33405,33405,0.235128,0.426858,0.0,0.0,0.5,0.6,6.0,linear
154,81727,33585,33585,0.233357,0.423219,0.0,0.0,0.5,0.6,6.0,linear
155,81888,33496,33496,0.232938,0.421969,0.0,0.0,0.5,0.6,6.0,linear
156,81972,33559,33559,0.233408,0.423169,0.0,0.0,0.5,0.6,6.0,linear
157,82076,33728,33728,0.234105,0.425015,0.0,0.0,0.5,0.6,6.0,linear
158,81863,33646,33646,0.234458,0.425603,0.0,0.0,0.5,0.6,6.0,linear
159,81957,33514,33514,0.234502,0.424933,0.0,0.0,0.5,0.6,6.0,linear
160,81911,33421,33421,0.235707,0.427556,0.0,0.0,0.5,0.6,6.0,linear
161,81535,33338,33338,0.234521,0.425799,0.0,0.0,0.5,0.6,6.0,linear
162,81592,33321,33321,0.234466,0.425912,0.0,0.0,0.5,0.6,6.0,linear
163,81765,33463,33463,0.234649,0.425918,0.0,0.0,0.5,0.6,6.0,linear
164,81976,33449,33449,0.234744,0.425855,0.0,0.0,0.5,0.6,6.0,linear
165,81643,33315,33315,0.235777,0.428027,0.0,0.0,0.5,0.6,6.0,linear
166,81482,33336,33336,0.235023,0.426635,0.0,0.0,0.5,0.6,6.0,linear
167,81905,33512,33512,0.234383,0.425999,0.0,0.0,0.5,0.6,6.0,linear
168,82005,33463,33463,0.234034,0.424821,0.0,0.0,0.5,0.6,6.0,linear
169,81842,33475,33475,0.233293,0.423684,0.0,0.0,0.5,0.6,6.0,linear
170,81714,33446,33446,0.232804,0.422499,0.0,0.0,0.5,0.6,6.0,linear
171,82163,33652,33652,0.23327,0.423481,0.0,0.0,0.5,0.6,6.0,linear
172,82110,33771,33771,0.233058,0.422938,0.0,0.0,0.5,0.6,6.0,linear
173,82188,33869,33869,0.232894,0.422489,0.0,0.0,0.5,0.6,6.0,linear
174,81574,33579,33579,0.234355,0.425128,0.0,0.0,0.5,0.6,6.0,linear
175,81424,33357,33357,0.23408,0.424163,0.0,0.0,0.5,0.6,6.0,linear
176,81919,33465,33465,0.23417,0.424744,0.0,0.0,0.5,0.6,6.0,linear
177,82105,33436,33436,0.234756,0.426137,0.0,0.0,0.5,0.6,6.0,linear
178,82141,33621,33621,0.233635,0.42416,0.0,0.0,0.5,0.6,6.0,linear
179,82286,33774,33774,0.233856,0.424462,0.0,0.0,0.5,0.6,6.0,linear
180,82282,33811,33811,0.233971,0.424611,0.0,0.0,0.5,0.6,6.0,linear
181,82106,33644,33644,0.232536,0.421696,0.0,0.0,0.5,0.6,6.0,linear
182,82128,33639,33639,0.234234,0.425656,0.0,0.0,0.5,0.6,6.0,linear
183,82526,33716,33716,0.233922,0.425002,0.0,0.0,0.5,0.6,6.0,linear
184,82282,33463,33463,0.233393,0.423529,0.0,0.0,0.5,0.6,6.0,linear
185,81755,33499,33499,0.233349,0.423597,0.0,0.0,0.5,0.6,6.0,linear
186,81942,33774,33774,0.232495,0.42188,0.0,0.0,0.5,0.6,6.0,linear
187,81973,33855,33855,0.234148,0.424979,0.0,0.0,0.5,0.6,6.0,linear
188,82142,33777,33777,0.235015,0.426703,0.0,0.0,0.5,0.6,6.0,linear
189,81762,33467,33467,0.235218,0.427434,0.0,0.0,0.5,0.6,6.0,linear
190,82053,33461,33461,0.237036,0.430638,0.0,0.0,0.5,0.6,6.0,linear
191,81802,33116,33116,0.236396,0.429539,0.0,0.0,0.5,0.6,6.0,linear
192,81793,33124,33124,0.236343,0.428972,0.0,0.0,0.5,0.6,6.0,linear
193,81914,33329,33329,0.235388,0.427575,0.0,0.0,0.5,0.6,6.0,linear
194,82112,33440,33440,0.235535,0.42755,0.0,0.0,0.5,0.6,6.0,linear
195,81904,33302,33302,0.235319,0.426829,0.0,0.0,0.5,0.6,6.0,linear
196,81517,33326,33326,0.234507,0.425512,0.0,0.0,0.5,0.6,6.0,linear
197,81506,33260,33260,0.23436,0.424714,0.0,0.0,0.5,0.6,6.0,linear
198,81716,33440,33440,0.23543,0.426974,0.0,0.0,0.5,0.6,6.0,linear
199,81422,33272,33272,0.235323,0.42699,0.0,0.0,0.5,0.6,6.0,linear
200,81575,33260,33260,0.235742,0.427711,0.0,0.0,0.5,0.6,6.0,linear
201,81498,33243,33243,0.236434,0.429223,0.0,0.0,0.5,0.6,6.0,linear
202,81400,33010,33010,0.237084,0.430831,0.0,0.0,0.5,0.6,6.0,linear
203,81662,33000,33000,0.237122,0.430593,0.0,0.0,0.5,0.6,6.0,linear
204,81766,33269,33269,0.236801,0.430815,0.0,0.0,0.5,0.6,6.0,linear
205,81885,33148,33148,0.238021,0.433225,0.0,0.0,0.5,0.6,6.0,linear
206,81537,32904,32904,0.236573,0.429805,0.0,0.0,0.5,0.6,6.0,linear
207,82005,33211,33211,0.235994,0.428417,0.0,0.0,0.5,0.6,6.0,linear
208,82055,33368,33368,0.235208,0.427114,0.0,0.0,0.5,0.6,6.0,linear
209,82058,33559,33559,0.234289,0.425613,0.0,0.0,0.5,0.6,6.0,linear
210,82248,33637,33637,0.233872,0.424074,0.0,0.0,0.5,0.6,6.0,linear
211,82251,33752,33752,0.233283,0.423604,0.0,0.0,0.5,0.6,6.0,linear
212,82487,33825,33825,0.233026,0.422686,0.0,0.0,0.5,0.6,6.0,linear
213,82172,33699,33699,0.233272,0.42334,0.0,0.0,0.5,0.6,6.0,linear
214,82146,33574,33574,0.233583,0.424018,0.0,0.0,0.5,0.6,6.0,linear
215,82454,33740,33740,0.232495,0.421552,0.0,0.0,0.5,0.6,6.0,linear
216,82342,33864,33864,0.230598,0.418267,0.0,0.0,0.5,0.6,6.0,linear
217,82585,34089,34089,0.230873,0.41819,0.0,0.0,0.5,0.6,6.0,linear
218,82064,33891,33891,0.231757,0.420613,0.0,0.0,0.5,0.6,6.0,linear
219,82394,33736,33736,0.232102,0.420668,0.0,0.0,0.5,0.6,6.0,linear
220,82276,33802,33802,0.233319,0.423461,0.0,0.0,0.5,0.6,6.0,linear
221,82085,33672,33672,0.232033,0.420784,0.0,0.0,0.5,0.6,6.0,linear
222,81793,33668,33668,0.231756,0.419799,0.0,0.0,0.5,0.6,6.0,linear
223,82121,33721,33721,0.230982,0.418926,0.0,0.0,0.5,0.6,6.0,linear
224,82266,33753,33753,0.231367,0.419587,0.0,0.0,0.5,0.6,6.0,linear
225,82614,33901,33901,0.232843,0.42192,0.0,0.0,0.5,0.6,6.0,linear
226,82319,33848,33848,0.231563,0.420824,0.0,0.0,0.5,0.6,6.0,linear
227,81964,33743,33743,0.232508,0.421886,0.0,0.0,0.5,0.6,6.0,linear
228,81726,33547,33547,0.233447,0.423758,0.0,0.0,0.5,0.6,6.0,linear
229,81890,33585,33585,0.23372,0.423674,0.0,0.0,0.5,0.6,6.0,linear
230,81855,33507,33507,0.233418,0.42296,0.0,0.0,0.5,0.6,6.0,linear
231,81918,33554,33554,0.232892,0.422293,0.0,0.0,0.5,0.6,6.0,linear
232,82000,33737,33737,0.233766,0.423831,0.0,0.0,0.5,0.6,6.0,linear
233,81723,33460,33460,0.23415,0.424728,0.0,0.0,0.5,0.6,6.0,linear
234,81766,33242,33242,0.235239,0.426928,0.0,0.0,0.5,0.6,6.0,linear
235,81622,33087,33087,0.233316,0.423194,0.0,0.0,0.5,0.6,6.0,linear
236,81882,33284,33284,0.233168,0.422856,0.0,0.0,0.5,0.6,6.0,linear
237,81982,33498,33498,0.232225,0.421766,0.0,0.0,0.5,0.6,6.0,linear
238,82151,33706,33706,0.232065,0.420383,0.0,0.0,0.5,0.6,6.0,linear
239,82307,33875,33875,0.233182,0.422562,0.0,0.0,0.5,0.6,6.0,linear
240,81756,33587,33587,0.233485,0.422911,0.0,0.0,0.5,0.6,6.0,linear
241,82012,33712,33712,0.2336,0.423995,0.0,0.0,0.5,0.6,6.0,linear
242,82033,33646,33646,0.232428,0.421137,0.0,0.0,0.5,0.6,6.0,linear
243,82268,33845,33845,0.231407,0.419749,0.0,0.0,0.5,0.6,6.0,linear
244,82145,34072,34072,0.230562,0.418566,0.0,0.0,0.5,0.6,6.0,linear
245,82216,34238,34238,0.230774,0.418134,0.0,0.0,0.5,0.6,6.0,linear
246,81537,33878,33878,0.232233,0.421033,0.0,0.0,0.5,0.6,6.0,linear
247,81746,33695,33695,0.233888,0.424379,0.0,0.0,0.5,0.6,6.0,linear
248,81940,33629,33629,0.233124,0.42295,0.0,0.0,0.5,0.6,6.0,linear
249,82062,33604,33604,0.233695,0.424482,0.0,0.0,0.5,0.6,6.0,linear
250,81968,33621,33621,0.234487,0.426128,0.0,0.0,0.5,0.6,6.0,linear
251,81918,33534,33534,0.234304,0.42527,0.0,0.0,0.5,0.6,6.0,linear
252,81962,33410,33410,0.236454,0.429113,0.0,0.0,0.5,0.6,6.0,linear
253,81756,33183,33183,0.237117,0.43139,0.0,0.0,0.5,0.6,6.0,linear
254,81573,33048,33048,0.237557,0.431358,0.0,0.0,0.5,0.6,6.0,linear
255,81071,32983,32983,0.23685,0.430432,0.0,0.0,0.5,0.6,6.0,linear
256,81427,33099,33099,0.237263,0.431311,0.0,0.0,0.5,0.6,6.0,linear
257,81901,33298,33298,0.236998,0.430402,0.0,0.0,0.5,0.6,6.0,linear
258,81943,33398,33398,0.23634,0.429008,0.0,0.0,0.5,0.6,6.0,linear
259,81730,33582,33582,0.234089,0.424729,0.0,0.0,0.5,0.6,6.0,linear
260,81494,33538,33538,0.234215,0.425333,0.0,0.0,0.5,0.6,6.0,linear
261,81624,33395,33395,0.235046,0.426587,0.0,0.0,0.5,0.6,6.0,linear
262,81792,33537,33537,0.234536,0.425301,0.0,0.0,0.5,0.6,6.0,linear
263,81726,33438,33438,0.235097,0.426836,0.0,0.0,0.5,0.6,6.0,linear
264,81704,33565,33565,0.23363,0.424326,0.0,0.0,0.5,0.6,6.0,linear
265,82016,33527,33527,0.23409,0.425209,0.0,0.0,0.5,0.6,6.0,linear
266,81716,33388,33388,0.234554,0.426225,0.0,0.0,0.5,0.6,6.0,linear
267,81909,33443,33443,0.234381,0.425179,0.0,0.0,0.5,0.6,6.0,linear
268,81565,33536,33536,0.233715,0.424436,0.0,0.0,0.5,0.6,6.0,linear
269,81456,33581,33581,0.234644,0.425623,0.0,0.0,0.5,0.6,6.0,linear
270,81832,33505,33505,0.235524,0.427148,0.0,0.0,0.5,0.6,6.0,linear
271,82119,33535,33535,0.234829,0.426205,0.0,0.0,0.5,0.6,6.0,linear
272,81873,33474,33474,0.234826,0.426319,0.0,0.0,0.5,0.6,6.0,linear
273,82114,33500,33500,0.234608,0.425532,0.0,0.0,0.5,0.6,6.0,linear
274,82106,33564,33564,0.232588,0.421928,0.0,0.0,0.5,0.6,6.0,linear
275,82195,33688,33688,0.233802,0.424176,0.0,0.0,0.5,0.6,6.0,linear
276,82096,33662,33662,0.233092,0.422916,0.0,0.0,0.5,0.6,6.0,linear
277,81901,33629,33629,0.232454,0.421255,0.0,0.0,0.5,0.6,6.0,linear
278,82279,33758,33758,0.23234,0.42156,0.0,0.0,0.5,0.6,6.0,linear
279,82127,33652,33652,0.232986,0.422473,0.0,0.0,0.5,0.6,6.0,linear
280,81883,33373,33373,0.23325,0.423184,0.0,0.0,0.5,0.6,6.0,linear
281,82140,33661,33661,0.23094,0.419411,0.0,0.0,0.5,0.6,6.0,linear
282,82273,33613,33613,0.232575,0.422253,0.0,0.0,0.5,0.6,6.0,linear
283,82414,33681,33681,0.233222,0.422791,0.0,0.0,0.5,0.6,6.0,linear
284,82275,33664,33664,0.234296,0.4251,0.0,0.0,0.5,0.6,6.0,linear
285,82427,33794,33794,0.233294,0.423561,0.0,0.0,0.5,0.6,6.0,linear
286,82363,33853,33853,0.232364,0.421252,0.0,0.0,0.5,0.6,6.0,linear
287,82363,33896,33896,0.231977,0.420356,0.0,0.0,0.5,0.6,6.0,linear
288,82393,33812,33812,0.231881,0.420329,0.0,0.0,0.5,0.6,6.0,linear
289,82142,33633,33633,0.232104,0.420751,0.0,0.0,0.5,0.6,6.0,linear
290,82165,33600,33600,0.231593,0.419596,0.0,0.0,0.5,0.6,6.0,linear
291,82238,33762,33762,0.232415,0.421357,0.0,0.0,0.5,0.6,6.0,linear
292,82034,33596,33596,0.233181,0.422748,0.0,0.0,0.5,0.6,6.0,linear
293,81825,33519,33519,0.23525,0.427346,0.0,0.0,0.5,0.6,6.0,linear
294,81680,33325,33325,0.235404,0.427518,0.0,0.0,0.5,0.6,6.0,linear
295,81832,33422,33422,0.234924,0.426018,0.0,0.0,0.5,0.6,6.0,linear
296,81582,33372,33372,0.236401,0.428933,0.0,0.0,0.5,0.6,6.0,linear
297,81382,33064,33064,0.236377,0.429361,0.0,0.0,0.5,0.6,6.0,linear
298,81400,33297,33297,0.23683,0.43095,0.0,0.0,0.5,0.6,6.0,linear
299,81736,33343,33343,0.237018,0.430649,0.0,0.0,0.5,0.6,6.0,linear
300,81664,33218,33218,0.236953,0.430169,0.0,0.0,0.5,0.6,6.0,linear
301,82081,33194,33194,0.236699,0.429542,0.0,0.0,0.5,0.6,6.0,linear
302,81706,33040,33040,0.236782,0.429922,0.0,0.0,0.5,0.6,6.0,linear
303,81602,33134,33134,0.237437,0.43163,0.0,0.0,0.5,0.6,6.0,linear
304,81342,32985,32985,0.237702,0.432204,0.0,0.0,0.5,0.6,6.0,linear
305,81660,33029,33029,0.238223,0.43281,0.0,0.0,0.5,0.6,6.0,linear
306,81841,33023,33023,0.237524,0.431768,0.0,0.0,0.5,0.6,6.0,linear
307,81620,32998,32998,0.238223,0.433148,0.0,0.0,0.5,0.6,6.0,linear
308,81723,32937,32937,0.237998,0.432598,0.0,0.0,0.5,0.6,6.0,linear
309,82117,33056,33056,0.23643,0.429729,0.0,0.0,0.5,0.6,6.0,linear
310,81686,33094,33094,0.236345,0.429794,0.0,0.0,0.5,0.6,6.0,linear
311,81347,33063,33063,0.235536,0.427393,0.0,0.0,0.5,0.6,6.0,linear
312,81689,33423,33423,0.234567,0.425905,0.0,0.0,0.5,0.6,6.0,linear
313,81999,33554,33554,0.23462,0.426548,0.0,0.0,0.5,0.6,6.0,linear
314,82261,33725,33725,0.234076,0.424804,0.0,0.0,0.5,0.6,6.0,linear
315,82173,33671,33671,0.233847,0.42404,0.0,0.0,0.5,0.6,6.0,linear
316,82100,33716,33716,0.234684,0.425616,0.0,0.0,0.5,0.6,6.0,linear
317,81929,33383,33383,0.235132,0.426568,0.0,0.0,0.5,0.6,6.0,linear

